-69.76007271
-69.71714806
-69.78604152
-69.79424795
-66.99096117
-66.72068492
-66.75934945
-69.75710407
-69.78526907
-69.71101381
-69.66203954
-69.53944071
-69.60078609
-69.48435377
-66.6358178
-66.62598103
-66.63499821
-63.8945532
-63.66872918
-66.6301748
-63.97528656
-62.0580594
-69.66041475
-69.59957041
-69.53921335
-66.79306862
-66.71982787
-66.63046476
-69.48384158
-69.43940456
-66.61173546
-66.54340475
-66.57851707
-66.69558355
-63.66894446
-63.61454882
-63.61268954
-61.03805453
-60.62542473
-63.88485692
-61.18151
-60.10051374
-57.36749336
-66.61120308
-66.57662198
-66.81913728
-63.97218973
-63.89334782
-64.13346367
-69.40936084
-69.43733577
-66.51616632
-69.40894002
-69.3985933
-66.36388784
-63.90924499
-63.78318598
-63.68020799
-63.55789706
-60.26112199
-60.96793891
-60.49412402
-60.49776385
-57.89958916
-57.89478553
-58.78583606
-61.14225623
-58.63201301
-55.53878345
-56.33066218
-63.81040703
-63.68064817
-64.59196056
-61.32843616
-57.50649013
-58.77978236
-61.13811269
-66.238409
-66.21055991
-63.55572062
-66.36435302
-66.23762814
-63.24494466
-61.1738939
-61.0103951
-60.61906042
-57.90648174
-54.1202797
-55.53224731
-57.8907944
-57.30468282
-54.57825362
-56.21096261
-58.51243415
-58.4383327
-56.0673811
-53.80518376
-52.87824452
-53.93555233
-61.10012317
-61.07967381
-62.42927668
-58.63349933
-55.10235683
-56.21213127
-52.65611792
-58.51504586
-63.13975563
-63.396497
-60.6167096
-63.58716845
-63.0940567
-60.09267774
-58.49472159
-57.7095775
-54.64749405
-50.01358708
-51.14723064
-52.87813576
-54.34984953
-51.70300014
-53.68009947
-55.98884501
-55.99883247
-53.53321729
-51.5723341
-50.27532507
-51.15380478
-51.52443784
-58.50865276
-59.74381621
-55.99671358
-56.31083519
-51.53181339
-53.83724963
-55.94383271
-57.71431915
-49.26350481
-47.70490516
-59.90595159
-59.90670299
-60.09319295
-56.92616396
-55.75796888
-54.81663207
-51.75665851
-47.96991794
-50.28238859
-51.29563304
-48.88252141
-51.23807109
-53.55147554
-52.42849925
-51.11592392
-49.33974786
-49.24031063
-47.74952126
-48.68843799
-48.88166095
-56.92345659
-55.84870013
-53.53117734
-53.62404542
-51.28952166
-53.54621044
-52.4257499
-54.81776057
-47.03733007
-48.92795688
-44.90853549
-45.44716344
-56.63625282
-57.06656147
-54.00277741
-51.93482321
-51.92537037
-48.88057584
-45.60684048
-47.74315965
-48.38296638
-46.14461616
-44.10946462
-51.15063861
-47.33792829
-48.70173515
-48.7443794
-47.10485054
-45.29012938
-45.60150412
-49.25053549
-46.55312054
-46.32279727
-53.63373171
-53.15590881
-51.11728148
-51.14651108
-48.72129596
-51.92977936
-46.55400069
-46.34370391
-44.25154595
-42.75884088
-53.32362366
-51.91974454
-50.74222362
-49.04080975
-48.51510361
-46.14447445
-45.29121819
-45.5984664
-43.5198145
-42.62382027
-41.81053357
-45.45729748
-46.40251125
-44.90684985
-42.92882353
-43.3363051
-43.61294788
-44.24970981
-46.74246549
-43.97661067
-44.03357911
-50.74555776
-50.55807308
-48.77539478
-46.40517538
-49.04630565
-43.97853338
-44.03924681
-40.64089237
-41.9744186
-49.92661298
-47.19009904
-46.11437761
-43.52009702
-42.9304724
-42.90350971
-41.09008122
-39.68595836
-40.45123737
-40.68372644
-44.21390517
-42.69839311
-40.68329578
-41.13664483
-41.80434899
-41.97220278
-43.94233314
-41.66910893
-41.62200615
-41.67985981
-38.58112272
-47.43150109
-46.73279391
-44.19048146
-46.11884884
-41.62333373
-41.68000844
-42.10887798
-38.52711249
-39.75486237
-39.24758462
-46.50783024
-44.05344189
-43.14045686
-41.0496317
-40.39253941
-38.78675374
-37.64625409
-38.58258922
-38.37387885
-40.59253708
-39.03519344
-39.68687124
-39.75413181
-41.15435508
-39.54174297
-39.24696183
-39.315562
-37.05585059
-36.67185493
-36.50932197
-43.91734324
-43.14005088
-43.10557154
-39.31691376
-40.01042568
-40.31846456
-37.48328327
-36.91548835
-36.93181731
-43.00111714
-40.58537718
-40.10503777
-38.76189223
-38.12850308
-36.75102708
-35.98893823
-34.54917631
-35.80252246
-36.666241
-38.5277111
-37.64583769
-35.71892127
-37.51872945
-36.89023803
-36.96675436
-37.43044373
-37.37592689
-36.92131043
-34.67277944
-34.98664541
-35.27471573
-40.48024105
-40.10029007
-36.9665246
-37.39802146
-37.45614681
-34.55442769
-34.70680609
-34.50133192
-39.39172714
-36.98383788
-33.12611835
-36.75058832
-36.19694272
-35.07407469
-32.65905583
-34.39375804
-34.10564895
-34.98624931
-36.51141102
-33.88399416
-34.58863193
-35.30905701
-34.52814541
-34.5020297
-33.7035614
-34.47963519
-34.70515604
-32.19786495
-33.12607476
-33.6140383
-32.18142812
-36.86378255
-33.70450808
-34.47625525
-32.04122953
-32.46813805
-35.5670879
-33.13206317
-30.97408024
-35.07360942
-34.73943454
-33.88972858
-30.88205815
-32.6740018
-32.61808546
-33.61387645
-32.69329085
-33.09307532
-32.1808149
-31.95992416
-32.04048292
-30.8809743
-30.27382171
-31.39671369
-30.69309447
-31.85390386
-32.63750001
-29.78989506
-29.52958629
-33.13298138
-30.27163939
-30.48666629
-30.16821826
-31.49562288
-29.10003966
-28.85844699
-33.88337161
-33.90994247
-33.35436834
-29.17258272
-31.08209542
-31.41793103
-32.6377888
-30.94175049
-29.78914183
-29.52748724
-29.65980682
-29.17140347
-28.82696702
-26.60772459
-27.21932192
-29.41158199
-30.93716608
-32.17854292
-27.25774617
-27.37313461
-26.9461317
-29.0998861
-26.60788293
-27.20830374
-27.08242622
-24.75528779
-26.75965653
-33.34683775
-33.69244801
-33.94884405
-27.59093433
-29.67879931
-32.18144146
-30.60245355
-27.58493685
-27.34580412
-26.96478427
-27.27827404
-23.71614013
-26.75853925
-24.92539654
-22.64514596
-32.39661742
-26.13102885
-28.40299774
-30.4723419
-23.7015992
-24.18950934
-24.92561205
-24.27606678
-24.70979476
-22.64489202
-22.20193044
-19.87064014
-22.43914512
-24.74937645
-26.15988164
-33.69182975
-35.18590936
-35.16930472
-32.3920388
-28.42368351
-30.05509383
-24.77731127
-24.30085641
-24.19980662
-20.46934563
-21.51032032
-22.4387793
-18.2817962
-33.48095957
-30.55148099
-22.8392469
-24.90632988
-27.1531624
-19.91641293
-20.94255922
-21.51208915
-19.87076071
-18.28180754
-16.66245662
-14.27902529
-18.59451857
-19.87680079
-22.83883981
-24.93117271
-38.27698381
-35.20455963
-38.00226502
-33.47787267
-27.14768351
-30.56937486
-16.93363503
-19.60967409
-18.59353868
-19.90382761
-13.39853136
-27.11476249
-35.69842629
-31.89306451
-20.9954191
-23.91829678
-43.48740322
-39.39682046
-15.74280439
-17.43076221
-14.32907693
-13.40005801
-10.2410758
-7.887484354
-13.60507638
-15.50301362
-23.91504284
-17.30899463
-20.99376805
-43.02485176
-38.2883137
-35.69833431
-31.8049256
-23.24572533
-27.08506656
-13.50390428
-15.95616222
-15.50784639
-17.28555506
-7.83243181
-23.2658966
-27.58824837
-34.10422714
-19.27296951
-50.99421866
-51.51737023
-45.014565
-37.32154563
-11.08938159
-7.859548716
-7.831785135
-2.581521043
-0.2161164195
-9.376981408
-12.19847831
-14.64646553
-19.24629206
-43.49844907
-39.39801182
-17.70997348
-22.95830235
-33.81929529
-28.35415831
-9.772477896
-11.13776552
-14.62392314
-12.17990258
-1.3635875
-17.71174084
-22.96645865
-30.08451512
-11.90609877
-63.30230332
-62.92094372
-51.5182769
-53.11756763
-42.54592315
-32.00808011
-5.795893803
-1.365849628
-0.1926406192
9.13340204
6.792594088
-5.671620779
-8.61379388
-11.9049834
-45.02046412
-37.31764951
-16.36430249
-9.07810825
-23.19847098
-36.04654362
-30.0802749
-4.283140244
-6.639907497
-8.616609686
6.279521954
2.020903823
-34.78123085
-4.740868451
-16.34449955
-23.19914469
-9.079094827
-80
-64.44462475
-80
-63.3017743
-53.11254207
-52.01507615
-24.05968545
15.46817304
2.024292896
6.280824388
9.165855755
20.80595298
18.56633851
-1.587751586
-4.744547928
-43.90830838
-34.77139656
-0.4767102075
-6.159741854
-15.30824892
-24.06505712
-1.596115336
9.413854449
4.140791727
-40.04241905
-25.74588794
-0.4984216688
-15.28942914
-6.141851971
-80
-66.33402961
-80
-64.44437604
-52.01895521
-45.39380117
-14.6312894
26.69657597
18.27505534
8.442753513
15.46959526
35.60901992
20.81598239
33.66782469
6.925933521
-39.32482811
-25.7429963
4.244491355
-3.164697985
-14.63157946
10.82992742
-14.53033067
-28.48440613
4.243563263
-3.148557603
-52.34235156
-80
-45.35422636
-80
-66.3350518
-32.62238701
16.73306194
-0.1166232174
40.5989639
31.75166684
15.91778926
54.79283197
26.6971869
53.48668225
35.60835842
14.12052506
-28.49440067
-14.5195715
9.487300701
-0.1177592345
-15.17800229
9.492143282
-59.25782009
-38.5362226
-80
-52.34090295
-32.62989208
-80
-16.96250319
2.91164041
23.42128463
15.40219317
58.02963825
80
46.61414405
26.143048
80
40.59399403
54.79191352
23.42721218
-15.17858591
2.916274983
15.40106106
-38.53664581
-59.25730265
-16.96386539
-80
5.748345045
22.06939746
35.67800611
62.34298018
80
41.95848689
80
58.02869915
35.67076663
5.747276093
22.0676246
29.59790867
45.56367681
80
62.34532658
80
45.56257183
29.59654956
54.29850919
80
80
54.29785734
80
80
67.11899075
37.57027692
33.73989086
25.92066232
17.54439332
13.92526246
18.90531005
18.817431
9.148147248
3.158870057
5.59331732
1.087846398
21.10887177
45.28877872
53.90645681
48.95612813
34.18572871
49.91624724
60.26083079
67.08542518
62.6731978
49.96364128
41.86400627
29.62378111
-5.293555338
-1.481197798
2.545410377
-17.73045971
-16.44824782
-16.1181203
-14.60382341
-18.05838132
-15.44967704
-19.49327915
-17.75226759
0.3458912537
-3.642986641
-7.656456259
-5.761649135
-1.863416502
0.1520292104
-3.581626577
-6.831195658
-9.527018267
-14.26573294
-4.508457938
-13.78902109
-11.42251779
-10.34459261
28.31249576
49.39502494
11.80607461
9.110673075
26.39610633
21.25498791
3.378122489
7.659290701
23.75678813
18.06592309
21.16636213
33.72824436
-5.135289979
-3.204201025
-7.475706415
5.289103106
12.33242981
7.64472262
-4.586505909
-8.975943881
-1.017926228
0.510659936
12.52183493
11.3513745
15.00336005
20.05857155
24.79672472
10.59338864
-7.40612257
-7.647885351
-16.98697323
-15.57374794
-11.67846953
-10.29841983
-6.945296592
-2.544045915
-10.39483292
-19.69657851
-19.83622734
-29.22468016
-29.55620451
-31.62279998
-30.15723219
-30.61366645
-26.21694175
-25.49577856
-26.68605555
-26.07029098
-23.72913651
-25.55853809
-25.53479994
-16.96835741
-31.1308332
-32.10158825
-32.64339414
-23.01353224
-51.48083126
-57.21020383
-56.76762049
-59.59704889
-58.78547407
-60.24801875
-59.41237123
-61.4212678
-61.42024791
-61.32433299
-51.45067637
-33.30257158
-34.9736629
-34.13538887
-34.93862985
-38.0606421
-44.71943655
-40.94833541
-41.71587615
-32.97035254
-33.11749284
-35.72040731
-34.99943026
-34.363695
-63.12784226
-62.44151268
-61.76292536
-60.44491581
-60.23876089
-60.00350002
-62.00471527
-61.55619917
-61.09136895
-68.85981242
-68.31276556
-67.79195883
-67.29483509
-66.81945968
-65.35939889
-64.5469212
-63.79459166
-66.5526324
-66.56436964
-66.55106489
-66.5128604
-66.45039514
-68.87237325
-68.34641723
-67.83151313
-67.3288254
-66.83945091
-69.49551965
-69.52706061
-69.53434193
-69.51792331
-69.47704453
-68.80443336
-68.23631591
-67.69881594
-67.18834954
-66.7021354
12.79365184
15.09790945
3.905374359
-6.237139123
4.453366604
-68.92977512
-68.40370997
-67.90132156
-67.42036737
-66.95915614
-27.87769128
-24.77909958
-39.33154441
-38.06172084
-50.01922486
-49.8482461
-48.83308106
-47.52211937
-48.89366015
-47.61779147
-69.53867503
-69.56745684
-69.57210365
-69.55298627
-69.50915727
-68.92257691
-68.41801682
-67.92427392
-67.44220648
-66.97264218
-64.42462515
-64.23523164
-64.02641051
-63.79898163
-63.29739592
-63.02078881
-62.73017773
-69.05488041
-68.58390156
-68.12483306
-67.67761028
-67.24236607
-66.8063141
-66.77803495
-66.73452283
-66.67617339
-66.60322396
-66.1258554
-65.73628758
-65.34978071
-64.96787033
-65.85714243
-65.23461741
-64.64580597
-64.08727987
-63.89759524
-64.10127437
-64.28667222
-64.45124755
-64.00938992
-63.45628588
-62.93018957
-66.65177225
-66.71593133
-66.76461022
-66.79825079
-66.8164372
-66.33711767
-65.87428941
-65.42997489
-65.00273917
-45.05978067
-43.60256769
-41.94083387
-41.01045796
-43.68392973
-42.64227269
-41.63500749
-40.28057333
-38.76343762
-40.22291248
-38.80918158
-45.55141605
-46.54898971
-44.57082292
-41.60546601
-45.29324849
-48.48359625
-47.59254536
-48.97183418
-47.48564294
-53.49753771
-53.35990473
-52.20112782
-69.8151662
-69.84558042
-69.85086463
-69.83147716
-69.78625863
-69.16777169
-68.64989554
-68.15514529
-67.68169694
-67.22805303
-59.66965763
-58.75686551
-57.75618271
-57.55571967
-56.41558774
-55.49262797
-57.96602312
-57.96395466
-56.65820002
-55.56114752
-54.64612775
-54.55687559
-53.10245444
-52.39519318
-51.0788438
-62.81301544
-62.02683092
-61.29990534
-62.82050368
-62.02677462
-61.24763572
-63.71458004
-63.74909214
-63.71387502
-65.97073302
-65.33708411
-64.73537474
-64.1618312
-61.02281588
-60.95722358
-60.77689399
-63.03756689
-62.38247738
-61.68302197
-50.3291325
-50.78075974
-51.89552452
-53.64941637
-53.15176157
-54.75242828
-54.3237943
-53.1110807
-53.51249846
-56.64608234
-55.84728999
-56.86185397
-56.19783255
-59.82561102
-59.32544702
-55.53693126
-55.91301341
-55.35305167
-54.56520581
-60.43941179
-59.53079563
-55.33364522
-54.44210797
-53.59741331
-53.62711056
-55.10571849
-54.28774219
-57.08072596
-56.28794558
-55.31547744
-55.0152296
-56.70240662
-55.62346839
-57.75657721
-57.55772171
-59.56695364
-58.69844958
-59.94880792
-58.90853638
-63.77928377
-63.8589564
-63.90538629
-63.91706524
-63.12548709
-62.37688046
-61.65609334
-63.24257352
-62.56220894
-61.92571084
-66.13543672
-65.55620408
-64.98739799
-64.4323406
-57.86106384
-57.00620394
-57.98144194
-58.41378412
-60.52030757
-60.73893213
-60.8883859
-62.86401799
-61.92139492
-61.05533305
-60.56288509
-60.84478438
-61.10213995
-60.40442399
-59.55934118
-63.31602936
-62.67701458
-62.0073225
-55.17281402
-54.37962691
-57.801585
-57.03032152
-57.82522859
-57.07925961
-58.73319817
-58.69352175
-57.77854748
-56.97131826
-58.79997286
-58.75033441
-60.26068914
-59.37766253
-4.718011445
-5.756022008
-66.66378225
-66.69326561
-66.6991831
-66.68135698
-66.63918943
-66.04904851
-65.49617
-64.9326817
-64.36827778
-69.1467744
-68.63113192
-68.11631288
-67.60593186
-67.10330049
-69.65282721
-69.67959308
-69.68193004
-69.660257
-69.61367806
-68.97979794
-68.45149162
-67.9494784
-67.47090324
-67.01363104
-65.98421498
-65.3942795
-64.83743296
-64.31041942
-63.89288609
-63.9213868
-63.89463923
-63.81326707
-62.9858241
-62.32407667
-61.69604151
-66.21258934
-65.63507818
-65.06704102
-64.51197072
-64.03242519
-64.05409991
-64.03718392
-63.98036416
-63.3469364
-62.58021545
-61.84277844
-64.04410316
-64.09716411
-64.13034764
-64.14269744
-63.39025633
-62.67127527
-61.98323444
-69.59284387
-69.62023441
-69.62339512
-69.60270966
-69.55726724
-68.99917077
-68.53275369
-68.08241918
-67.64715614
-67.22626545
-65.93077189
-65.32116659
-64.74477354
-64.19859894
-69.08148802
-68.56639565
-68.05592318
-67.55253026
-67.05843497
-39.02948577
-69.03304443
-68.49883923
-67.99224008
-67.51023018
-67.05051122
-69.71411294
-69.7412806
-69.74378611
-69.72203753
-69.67505484
-14.75337894
-21.58467427
-48.76250903
-19.37537377
-52.32127837
-35.49143186
-36.66372319
-63.87377133
-15.7647252
-58.2817792
-58.69625441
-34.88651838
-29.16469324
-19.12907069
-21.31866528
-32.42705994
-30.37964717
-24.51851415
-6.290666531
-15.58690437
-18.35528102
-10.67614978
-13.90720512
-22.19940024
-19.30874302
-23.57123272
-25.99845405
-4.509419398
-5.308288593
-9.157870487
-10.97241634
-8.366551645
-19.27885258
-20.55598832
-10.98156064
-10.52611344
-27.29129886
-25.37750403
-22.49726702
-26.08454478
-24.65075129
-22.83224982
-22.02185969
-19.99186954
-35.84205027
-34.64801709
-28.77101851
-28.35058604
-30.38183519
-31.52100055
-31.26854366
-32.28771545
-33.48056965
-34.65496508
-30.45878862
-32.33610703
-33.53925218
-26.79139228
-27.13274546
-28.42191238
-16.98719752
-22.07192974
-20.49392081
-15.75105473
-17.01535399
-19.17224049
-28.17955319
-27.06283338
-25.86100081
-28.51658889
-27.21179411
-25.54973569
-32.71753941
-31.5762032
-16.35373196
-13.92863808
-13.3297135
-21.12752364
-23.55266776
-22.17860441
-25.98083695
-28.19566349
-16.96093379
-10.66284125
-7.918535187
-24.59651533
-23.65639724
-23.25544922
-21.09302243
-21.6213375
-22.49844623
-20.05394315
-23.00390725
-19.21603517
-20.07283041
-13.20869172
-33.72220003
-32.16846841
-30.72458623
-30.88795543
-30.44567699
-29.32270286
-25.90427384
-23.61758106
-25.68984301
-31.86474715
-30.95934018
-29.92000594
-29.04955093
-18.275723
-29.8512974
-28.40239882
-30.92060736
-29.71413755
-28.17645
-27.74410984
-28.01625686
-27.2124533
-24.54430477
-23.92592176
-22.3117643
-21.42307893
-18.52757656
-25.80570382
-21.8510924
-17.01111887
-15.91175386
-23.03692354
-25.71778733
-31.9404789
-30.93345859
-32.31886554
-33.3163025
-33.04181735
-33.03589576
-34.62139662
-34.87722253
-30.31300729
-35.79778873
-33.54344034
-33.55015066
-31.70963885
-31.80879938
-37.1904466
-35.94134548
-33.85762457
-33.46507273
-32.69804885
-30.16339211
-29.96581357
-29.45098384
-26.81310847
-27.35356813
-31.91154697
-31.26903133
-28.93112497
-32.51058006
-32.10041366
-33.19037492
-33.28443494
-28.3186434
-28.67547286
-31.80948556
-31.00865892
-38.54744826
-37.48363324
-37.53596095
-39.52032295
-38.59593284
-38.07540299
-41.67615098
-40.63842577
-39.04307893
-39.3349801
-39.54309215
-44.83218933
-44.81463556
-35.73704421
-71.41519389
-63.17160861
-36.62127811
-38.24036024
-57.26683259
-57.32098663
-41.52472914
-42.12435983
-38.82755906
-23.56407942
-27.06644195
-33.02230815
-35.37676158
-33.77529458
-40.48038207
-41.22154455
-38.38356213
-26.70601786
-25.76159209
-41.60480227
-44.25733994
-29.14902333
-31.15611836
-31.96285306
-34.78350139
-71.71280752
-71.58121178
-80
-69.08351472
-68.54068931
-68.0268119
-67.53863947
-67.07380018
-69.76764039
-69.79717891
-69.8013154
-69.78088447
-69.7350144
-63.17144407
-69.20506693
-68.68870124
-68.1680588
-67.64841318
-67.13443651
-66.08105846
-65.55913959
-65.06242069
-64.58820901
-66.68372642
-66.71512837
-66.72369908
-66.70909162
-66.67136214
-66.11836325
-65.61904806
-65.11943364
-64.62364628
-64.10884852
-64.06355388
-63.99788447
-63.91323743
-63.07181389
-62.38449394
-61.74174668
-80
-71.71293026
-41.51836748
-40.77502111
-44.45250633
-36.67189569
-39.97317243
-29.45049071
-24.83208968
-32.58946683
-27.04282399
-30.47995384
-37.0015227
-59.03730755
-58.30870931
-33.96251047
-42.28366725
-45.75197125
-30.31324465
-51.33928555
-31.4593615
-30.19710108
-27.99632205
-25.48368499
-34.50163057
-32.19696912
-32.8461687
-33.91095123
-34.50342064
-69.23172992
-68.71838532
-68.21708213
-67.72858334
-67.25365519
-66.84374902
-66.86959766
-66.86997085
-66.84483246
-66.79465652
-66.14519481
-65.53432364
-64.95738426
-64.41105354
-69.85762872
-69.89410618
-69.90508769
-69.8914301
-69.85242036
-69.18169949
-68.61578239
-68.08152167
-67.57519214
-67.09391329
-66.68581692
-66.72215181
-66.74386111
-66.75073995
-66.74270522
-66.03147651
-65.38625119
-64.78007336
-64.20876181
-65.98995139
-65.3710638
-64.77942626
-64.21215423
-63.74281607
-63.75843965
-63.71065061
-69.24287565
-68.7123112
-68.19367129
-67.6880862
-67.19658683
-42.19876146
-55.41463459
-54.57664299
-53.93233254
-53.97736414
-53.57057278
-53.25721414
-52.02503173
-52.39683689
-45.96354879
-44.58819415
-47.30370672
-45.99821689
-48.40265019
-47.00336317
-37.64487893
-37.03771191
-38.54457467
-39.65759601
-39.13637085
-41.52291585
-40.9602898
-42.00957006
-40.84356156
-42.05606545
-44.1247648
-39.79172353
-44.01932843
-41.85351491
-40.68768745
-36.0117865
-35.14165226
-37.122604
-36.273308
-35.3026741
-34.50150419
-41.99362098
-43.3169943
-47.91788883
-46.68205052
-45.58866735
-47.41543596
-46.25900998
-43.77062661
-46.7061332
-46.66664771
-42.17353672
-43.33085984
-44.62367215
-44.44219299
-45.80859698
-35.28112902
-36.66868493
-34.41826363
-35.87850273
-28.89766567
-28.65850756
-37.07139967
-37.46361348
-30.09938156
-32.75450474
-33.81907373
-28.89024049
-27.60019791
-29.49821955
-31.77976326
-31.30382758
-24.35975469
-27.0510179
-27.67015664
-30.23439163
-31.08789081
-25.19890815
-23.51574876
-30.19092382
-40.71452596
-40.78633404
-34.33702224
-33.11601482
-33.81354781
-36.63660821
-38.23404198
-40.39932645
-47.29724919
-47.40827111
-43.3477826
-46.90364717
-43.3536748
-56.86876523
-36.46742733
-35.27159003
-36.65918583
-44.25013737
-34.50167119
-33.87232518
-23.0504231
-13.19799885
-10.29971146
-21.63512891
-22.50059742
-24.34947309
-24.5289548
-30.23786346
-29.69714643
-32.66961693
-29.53144015
-29.80693406
-30.38311463
-28.92737108
-34.38148057
-33.81105911
-34.5014907
-26.07086621
-24.65982163
-25.70313689
-23.67188009
-23.255182
-20.44843234
-19.20583039
-17.63847323
-15.21209095
-19.43867964
-21.56738304
-19.99089377
-13.43269516
-13.35503403
-15.74175607
-28.35099425
-26.87268138
-28.40856189
-34.13556601
-32.69695868
-33.89742636
-31.95231752
-30.42601558
-28.50267848
-27.2029164
-31.87195494
-30.91988263
-29.71312917
-35.71696836
-30.72368968
-29.63114752
-32.55517618
-30.76176947
-30.89859035
-29.17932568
-20.06807875
-18.64269197
-22.37909116
-24.0226228
-23.25730696
-25.39060886
-25.61240067
-27.87856696
-25.75155079
-42.793063
-33.20958843
-40.55554112
-38.38898049
-37.27572027
-38.10351651
-35.97039002
-33.24413867
-33.2631243
-31.74414085
-38.05760604
-40.79683248
-40.48677869
-42.73183559
-41.7095309
-42.84298552
-44.06470006
-45.08138597
-43.04328129
-35.71878381
-38.25343926
-36.38655591
-40.41119794
-38.54253855
-35.245699
-35.31095015
-33.49980002
-26.81598852
-31.00239127
-43.65326009
-41.8821562
-39.80265643
-37.53577879
-35.73831851
-36.61166068
-36.13283613
-38.59656968
-39.54299491
-38.85472986
-37.8520763
-33.74383521
-37.96840369
-37.40386148
-37.45724802
-41.29982821
-40.22255458
-35.34510562
-35.00651836
-34.39939928
-34.201346
-33.04690471
-32.83441195
-36.45058575
-37.12228083
-38.10644072
-42.2776709
-41.23263995
-42.66028011
-43.20240852
-44.26788775
-44.62895463
-40.46805307
-38.40238181
-40.16286589
-39.14671412
-35.79830604
-34.89173236
-34.07509928
-45.75837105
-44.65238603
-33.9868169
-33.72104248
-33.80701054
-27.21040878
-28.31714238
-35.19958122
-36.90444059
-35.6821507
-34.73166121
-34.24714824
-32.84674653
-32.07899295
-28.8294498
-29.50048744
-26.66482199
-27.3304185
-28.84031399
-31.36047579
-31.60379196
-16.95962638
-20.52692664
-20.38791757
-19.68916326
-80
-42.66146264
-36.99380408
-52.32141626
-40.70828467
-73.25951063
-72.1299302
-34.32657956
-59.03499557
-55.93914429
-39.05364548
-48.70060266
-48.81055707
-42.55850032
-72.32331439
-71.58148735
-63.87447868
-57.26665271
-47.29155647
-51.33841396
-80
-55.18871592
-54.34207529
-52.66434025
-52.57642084
-51.44583406
-69.18246205
-68.61653338
-68.08226724
-67.5759446
-67.0946891
-69.27113643
-68.739899
-68.20590663
-67.67446101
-67.15005551
-69.85306037
-69.89194901
-69.90548669
-69.89438168
-69.85777291
-66.03229746
-65.38697608
-64.78065549
-64.20910864
-66.74355818
-66.75159361
-66.74471277
-66.72299779
-66.68665317
-65.99086332
-65.37199239
-64.78021739
-64.2126092
-69.18642511
-68.64443475
-68.1292594
-67.63819999
-67.16921065
-20.25531532
-24.83201942
-45.44825244
-21.58503035
-21.84258952
-24.77514235
-48.40464372
-49.6619555
-56.21152587
-55.23100727
-52.69698703
-34.40833128
-33.80396228
-34.3286991
-26.06098943
-25.56288329
-31.48928473
-27.28213896
-28.8833283
-31.09394383
-28.01499896
-33.91114478
-34.43868037
-33.72999583
-33.72791147
-33.71457873
-54.55962517
-53.67806018
-56.38693088
-56.3466156
-57.93568636
-57.11509288
-58.67494601
-57.43142341
-51.61387878
-50.12220055
-53.06784826
-51.67631737
-50.12075701
-48.74242062
-47.00506704
-45.80896113
-44.16659736
-45.33300103
-47.5987744
-46.90810743
-48.02291189
-50.17891681
-48.91569427
-48.25013941
-53.03137345
-49.83988148
-56.69374342
-55.58755622
-55.00500047
-54.42056771
-55.53323309
-54.72853892
-45.94119672
-49.33900557
-48.17487719
-47.01352864
-50.43100392
-52.6512887
-45.5012785
-46.42438508
-44.48610015
-44.44164081
-43.31647915
-39.88526289
-40.67511603
-40.96180102
-41.71507411
-52.39115877
-49.98918334
-51.22109015
-52.35738747
-50.18632455
-49.93577321
-69.65882482
-80
-48.98058547
-55.76632401
-69.69236445
-66.2786798
-35.49135427
-27.87664016
-19.37446375
-32.9703778
-32.82947665
-33.40736215
-34.21059501
-33.50270389
-34.39241516
-33.98143252
-37.51429818
-36.57690067
-35.10048774
-34.38173876
-31.81734473
-32.29747063
-33.82202155
-32.97272111
-32.45202701
-33.33935696
-34.36663802
-36.57728841
-35.72058698
-33.81655713
-33.32205318
-33.41162948
-27.66337963
-29.30411307
-28.15005277
-29.96508933
-29.03572801
-27.72791195
-25.90362951
-32.19675893
-31.47353264
-30.62678947
-27.77086203
-29.28884186
-28.5572811
-31.37745547
-31.59318351
-32.41194533
-33.03600594
-32.72736193
-31.91798543
-31.33824699
-30.64991014
-30.78908399
-29.98860026
-33.4352167
-33.50982929
-24.59585552
-31.43615342
-31.72563307
-30.94584855
-29.81937456
-38.76068367
-37.72265179
-37.65417571
-35.18694093
-34.34390582
-35.73399511
-34.21084998
-40.85224537
-39.65940925
-56.14659
-56.25207652
-57.60997635
-56.77392523
-61.15524917
-61.17129311
-61.1460213
-60.14964553
-59.29512523
-62.98563139
-62.32072956
-61.68588727
-58.57857958
-58.57670763
-57.58989756
-56.73740484
-61.42118677
-61.76119461
-62.09789306
-61.68888201
-60.99938763
-60.35328622
-63.43766776
-63.14115327
-62.80196741
-62.74305312
-61.98647921
-61.27981348
-56.24730406
-55.53737068
-57.53273936
-57.26578865
-57.60995644
-56.75342175
-52.25132153
-52.3916997
-53.82617224
-53.75443408
-56.29031028
-56.3237929
-55.4612087
-54.63205422
-61.19189662
-61.20476432
-61.17385927
-60.16307974
-59.30493795
-46.50653732
-43.53232853
-42.30592857
-45.49387481
-52.52372302
-52.02131742
-49.11130643
-49.4222996
-48.08351548
-45.22510969
-45.90910965
-48.91594764
-48.98738058
-50.75446101
-52.18217179
-46.42189696
-55.50458066
-55.35896939
-54.59359055
-55.06380639
-54.4747754
-54.80251096
-54.21139054
-53.39905905
-53.71951932
-53.30107581
-47.8983696
-48.78580512
-50.63496308
-51.25309201
-49.67778232
-48.49325088
-54.09334855
-53.50123258
-52.38712086
-50.20214446
-54.55510353
-53.6762657
-53.09296932
-56.5873908
-55.40705829
-59.25170266
-58.33844789
-57.8132103
-57.95091074
-50.25776424
-50.03792441
-52.61703975
-52.52882643
-56.04241536
-56.02470038
-55.13370137
-54.32366407
-51.78576677
-53.6353484
-53.64076215
-53.00100233
-52.27671049
-51.77005194
-52.99931269
-43.04559218
-47.97103542
-47.67190501
-49.13912674
-49.8916722
-51.22643261
-49.97558754
-52.34084309
-44.16844296
-42.96332066
-35.88817092
-37.488638
-40.87139292
-34.15752974
-35.24558545
-35.46886069
-36.76925648
-39.52667163
-43.92999008
-42.84596318
-37.45646941
-40.25534347
-41.33546539
-40.7982302
-39.57493671
-38.01516968
-37.02013166
-36.31330593
-39.15338826
-38.55252771
-37.25771377
-35.66924193
-35.73801242
-34.58749865
-33.21069782
-35.94649637
-33.32902101
-38.75423702
-39.79491879
-31.98500093
-35.88680682
-35.09999342
-35.40939866
-32.67297502
-33.44813854
-35.15358595
-34.28630205
-36.78377491
-37.71832024
-36.95675926
-36.31566435
-38.10605766
-39.14599191
-42.27497413
-41.14475923
-42.43493339
-33.88698176
-32.91750468
-46.85522649
-44.65405155
-43.53183102
-38.33399653
-40.1299351
-40.67929599
-41.46001349
-43.33591388
-44.7606301
-44.07103972
-40.17801894
-41.26031994
-42.90578974
-41.63541709
-51.07072938
-49.661403
-60.68203789
-60.6784635
-60.61473069
-59.56477182
-58.6990289
-55.33773948
-55.00842605
-54.09170583
-53.51546463
-59.6321645
-58.72893349
-61.0111738
-60.93067632
-60.80005633
-59.15254238
-58.23698416
-57.06355992
-56.71389105
-59.65545756
-58.44243576
-57.61288322
-57.79348096
-57.08053457
-56.29067337
-55.39413078
-54.63832908
-53.91031079
-53.82501946
-60.32991741
-59.53057536
-58.80136373
-58.74997174
-48.74342865
-47.30477318
-49.71376581
-47.39922042
-46.86879519
-56.70615371
-55.62891884
-54.64953524
-54.54390457
-62.84890734
-62.08810458
-61.34380552
-63.74344209
-63.75986403
-63.7155645
-63.00331689
-62.33767511
-61.68092513
-63.91737955
-63.90534861
-63.85893776
-63.77953337
-65.96978414
-65.33588831
-64.73374865
-64.15958091
-66.695791
-66.73876759
-66.75416376
-66.74173928
-66.70177351
-65.96978563
-65.340355
-64.73919182
-64.16484631
-66.70253563
-66.74240623
-66.75470056
-66.73914439
-66.69598671
-69.18717906
-68.61773633
-68.08028986
-67.57109434
-67.08718993
-69.27096238
-68.739571
-68.20543445
-67.67385612
-67.14933299
-69.84585158
-69.87887204
-69.88676884
-69.87008439
-69.82792779
-69.18470828
-68.64312078
-68.12818072
-67.63728745
-67.16841619
-66.88316667
-66.92725732
-66.92316216
-66.87093234
-66.77214275
-66.06638157
-65.51654627
-64.98387253
-64.4689675
-59.32450457
-58.26496003
-62.73458071
-61.92856181
-61.18453146
-60.54827149
-60.56698192
-60.54976771
-59.32538241
-58.26535886
-62.73462118
-61.92916205
-61.18587408
-65.96956482
-65.33983921
-64.73827641
-64.16341242
-62.92385402
-62.22866268
-61.57808984
-57.96941424
-57.9647577
-59.83779672
-58.82384716
-69.73686158
-69.78301717
-69.80384881
-69.80034421
-69.77212062
-69.16033796
-68.63367134
-68.13253479
-67.65431592
-67.19705714
-67.21787304
-67.68841716
-68.16970233
-68.66018914
-69.15818607
-66.28837997
-65.63277873
-65.01839881
-64.44037787
-69.08509478
-68.54216323
-68.02812773
-67.5397212
-67.0744265
-66.6844704
-66.71627744
-66.72498561
-66.71036757
-66.67254959
-66.13915287
-65.55355773
-64.9996328
-64.47436117
-66.02556008
-65.45046842
-64.90340905
-64.38215598
-5.754816525
40.70339421
48.95572292
41.09725491
54.5601783
71.07887378
39.26159301
28.83368847
18.81914361
-73.13829033
-56.72323495
-56.11376662
-55.89207731
-56.16290154
-57.86234235
-57.00655337
-59.94319808
-58.89112563
-59.68794177
-59.24571929
-60.98717861
-60.73858673
-60.43918683
-63.46120994
-63.00463337
-62.53442978
-61.5327889
-61.03298933
-60.55612903
-63.46483947
-62.97523661
-62.50671662
-61.88879139
-61.68341436
-61.44558586
-60.28490912
-59.4340867
-63.102892
-62.36725809
-61.68144347
-64.01522396
-64.02617494
-64.00783498
-63.96042837
-66.06751663
-65.51906041
-64.98694993
-64.47218124
-60.85006226
-60.62885354
-60.37748168
-61.87637555
-61.64101966
-61.35915581
-63.98586563
-64.03992985
-64.05633812
-64.03461369
-66.17521464
-65.59005599
-65.0121007
-64.44605997
-66.13632841
-65.55694045
-64.98823796
-64.43344586
-66.98369493
-66.96084504
-66.92264327
-66.86947327
-66.8018557
-69.79003325
-69.83430305
-69.85326686
-69.84782937
-69.81752147
-69.25496697
-68.76961094
-68.30140896
-67.84933236
-67.41270573
-69.24376295
-68.71326795
-68.19464338
-67.68902199
-67.1974525
-69.8298601
-69.87157146
-69.88800383
-69.87993035
-69.84676427
-7.646945729
-6.239141249
-15.94871521
-7.027631637
12.39515201
-66.77541009
-66.77637723
-66.7621931
-66.73295136
-66.68890184
-66.99528472
-66.98210344
-66.95149153
-66.90370633
-66.83909506
-69.22763258
-68.75308317
-68.29234151
-67.84513484
-67.41137299
-53.63721136
-53.64361857
-55.10719206
-54.2912381
-57.61070041
-56.77163954
-58.55637719
-58.53144608
-60.17694969
-59.33703309
-57.71301068
-56.86061212
-56.22636157
-56.17840257
-57.77894416
-56.97171847
-63.23235
-62.51785527
-61.83405768
-53.69439363
-53.64561058
-55.20921655
-54.41587773
-56.1092381
-56.08332332
-57.65731845
-56.84102116
-55.33012221
-54.48500586
29.28443553
12.52311553
27.53329948
34.93847621
69.107867
80
56.41027615
68.9139176
-9.21811045
-65.31578951
-59.3858009
-29.45188708
-33.34111045
-28.09518069
-34.70470036
-38.72831443
-32.93288568
-37.33297584
-30.31654086
-47.14832031
-27.03880046
-30.47157314
-23.99550222
-20.1599019
-47.40189434
-48.33937572
-43.80570831
-52.55042364
-43.42931879
-46.10966202
-32.9428236
13.92654733
4.451023338
49.96445834
16.87905234
6.711376606
11.1803548
6.937715641
17.50764307
24.17796706
22.41572303
25.14786626
52.25673086
63.25244577
38.09834395
47.62144094
41.86511417
-69.67629099
-69.72330618
-69.74510141
-69.74266166
-69.71558993
-69.1482094
-68.6324357
-68.11753329
-67.60709183
-67.1043576
-65.99509637
-65.42068156
-64.85922107
-64.31294479
-63.8199903
-63.82933943
-63.80850638
-63.75852976
-63.15308828
-62.45112159
-61.78075453
-63.0693298
-62.39122216
-61.74930372
-61.24523047
-61.25921654
-61.1800913
-69.03425077
-68.50001821
-67.99336418
-67.51125729
-67.05136891
-66.66429755
-66.69404658
-66.70036789
-66.68306901
-66.64234909
-60.21493477
-59.33729493
-55.17435638
-54.35630894
-57.6366239
-56.8011804
-55.99199971
-55.9106854
-57.5814878
-56.76430375
-56.05584483
-56.05944777
-57.07979013
-56.42372036
-55.51235845
-55.19323863
-55.11603502
-54.30390266
-55.0547204
-54.3085277
-53.05258528
-52.5058362
-54.31747797
-53.05224221
-53.83783376
-52.87368193
-47.95157135
-52.03434345
-50.0982518
-47.51233396
-48.93718825
-50.52176283
-49.04142955
-49.87676313
-47.48201168
-53.31406855
-52.62303885
-51.38826383
-60.07845162
-59.22509803
-58.54283392
-58.56228547
-59.55987407
-58.59449917
-62.58088738
-61.91598019
-61.25967968
-60.56129048
-60.45205709
-60.29465784
-65.98546899
-65.39203986
-64.82913348
-64.29380368
-65.95876695
-65.40620285
-64.88227928
-64.38418119
-65.78545472
-65.21097758
-64.64616404
-64.09433247
-63.56192392
-63.53184557
-63.46802829
-63.37186253
-68.98291865
-68.49762152
-68.02656787
-67.5693011
-67.12562812
-69.5105672
-69.55410897
-69.57309117
-69.56836426
-69.53949026
-69.01633218
-68.50144477
-67.99524012
-67.49920245
-67.01479876
-69.55768931
-69.60321787
-69.62396085
-69.62080972
-69.59334022
-63.14661087
-62.4520212
-61.7982852
-61.23339213
-61.24403291
-61.21311608
-28.72209189
-30.54779511
-28.48045337
-32.04813456
-30.86956033
-28.42006402
-25.56989466
-24.2871373
-21.78671434
-25.67178389
-21.95123253
-26.99105754
-24.93285667
-22.84302267
-20.6199584
-20.37472511
-25.52346701
-27.3086035
-15.75168563
45.2898021
54.07988643
13.79246879
14.48147835
13.83303222
19.39171696
25.46125264
29.62432817
31.0797175
23.75220514
7.855906649
-7.93152296
-4.038628562
17.54569245
1.492905037
9.146356862
25.92215253
37.57158139
33.74172257
-1.549657984
4.664803889
-66.0380682
-65.47600065
-64.9287735
-64.39808168
-63.92543712
-63.93588949
-63.91555088
-63.86456492
43.66603306
44.5001599
-21.12053649
-18.35522712
-31.0027103
-28.18582561
-30.36587954
-34.42964359
-36.32723017
-32.41300353
-34.41036072
-55.82597718
-54.92872903
-53.92260531
-53.68716587
-52.25991582
-52.7845509
-51.38323092
-45.17383273
-40.6863317
-39.57383199
-45.4165611
-44.1409598
-42.85410052
-42.87113777
-42.20393616
-38.44331814
-37.04905208
-41.87679799
-40.10697076
-38.66971626
-37.35411485
-45.1507672
-44.17279751
67.33455003
34.55597656
28.30781592
21.16647548
49.39612243
67.46609363
80
33.72935749
36.10066808
44.8302015
0.5188221221
3.104792239
-14.75828081
7.565706531
-7.37302979
71.20082498
80
62.67297083
53.90644738
67.11918307
80
67.08546771
-80
-69.69222863
-69.65862404
-55.76561815
-48.98337763
-48.34135369
-45.44801586
-48.98026341
-73.25979732
-73.1385743
-80
-47.55878042
-46.42389872
-47.44318873
-48.76619577
-49.84038879
-50.37025117
-49.19640822
-46.54940378
-47.59917687
-50.14161232
-50.18766552
-51.61165422
-45.24870005
-38.51503264
-40.37418766
-38.74764527
-39.16107494
-40.68485138
-42.15931967
-38.37437493
-39.47646182
-38.40867907
-40.62543481
-41.72747101
-42.47100263
-40.43577705
-33.05474374
-34.65420982
-35.64915462
-34.64642881
-37.26728462
-35.87774317
-28.43016658
-31.89829418
-34.93973587
-3.351796486
-1.009213426
-3.914840679
-12.41482507
-10.22343339
-22.63179414
-21.26852634
-13.33861023
-16.65274049
-18.35629184
-14.64126791
-12.25465116
-19.1183136
-16.33135373
-19.12926256
-15.55746402
-12.33833617
-24.53729282
-0.8546104938
4.596641085
-4.027023105
2.223709672
7.486729035
10.44969408
13.07567193
16.40757028
20.1330212
18.06075905
12.31711406
1.939968004
0.1490840697
3.881964791
-0.3293905236
12.36777695
13.92112452
10.95888411
7.629112166
15.07693266
19.59490639
4.568677819
7.867234636
-10.51138715
-7.750508392
-0.8651823212
3.889860395
-10.33544529
-5.578735312
-8.880437379
-18.3359424
-17.71710595
-8.821272302
-13.51197746
-10.70156581
-3.940356679
2.545063445
-1.494009316
3.221548483
-22.03590687
-4.569389201
-4.843267337
-6.945575386
-23.01637538
-19.82741865
-19.27712984
-14.12396861
-12.78039181
-7.539030214
-18.42532571
-14.87571959
-40.36862618
-39.33065961
-38.57016
-38.00232604
-36.96133237
-36.34819672
-35.6435078
-34.56935852
-7.411076522
-14.49804957
-15.7453412
-27.62136074
-30.99614719
-39.85797838
-37.35194832
-26.70773854
-26.52822351
-25.46032313
-25.31591847
-47.88604353
-48.98311855
-57.32109403
-58.28325224
-58.69757282
-58.30706602
-23.562157
-19.73480387
-14.88466762
-8.967999444
-12.18289481
-10.78817788
-35.87305029
-37.06532033
-38.8208962
-33.77425052
-35.65588676
-32.11870735
-30.89668536
-34.90746544
-42.12270413
-41.22067635
-25.54836756
-27.06450048
-25.22191859
-37.46352237
-36.81478832
-38.38491009
-28.71469039
1.494762102
31.07928565
38.0969471
-4.833094215
-3.351028844
6.93731173
-7.547319258
-10.80647259
4.075847301
7.355708477
11.89189667
15.66829837
12.2377912
-12.79028818
-12.19178897
10.95936279
2.790862575
-12.45440028
-10.84215633
-1.757062343
-8.957337125
-7.187700595
-14.87423695
-14.13360616
-14.79846553
-13.46293738
-6.614263505
-21.29189534
-18.41134999
-20.51362057
-20.38487969
-32.35055856
-24.53705984
-28.72219993
-28.64420836
-29.87238073
-33.50637608
-26.98343394
-28.56102837
-33.50078267
-31.70650201
-29.76479622
-27.87835125
-25.65493689
-31.13299966
-25.50656509
-24.00709679
-24.92451288
-20.37365554
-25.73124218
-23.71915074
-25.59432253
-24.26917315
-23.24761093
-21.2762404
-21.73175757
80
66.7886067
67.33433779
44.50066868
26.22296441
27.18644528
69.1067457
33.31559688
41.29209097
32.59452327
38.8026047
52.29168612
40.7010561
16.40920561
19.39229929
68.91334024
67.46562456
56.40914012
47.61969369
54.07932221
27.19127727
34.5552849
80
-69.4627484
-69.50093705
-69.51455573
-69.50449735
-69.47020954
-68.80485273
-68.23674042
-67.6992644
-67.18885758
-66.7027616
-68.98076666
-68.45271993
-67.95092371
-67.47261594
-67.01569304
-69.61450719
-69.6613174
-69.6830862
-69.68078628
-69.65403329
-69.08268643
-68.56761748
-68.05725886
-67.55413914
-67.0606069
-62.7446208
-61.98771658
-61.28108774
-65.98628341
-65.32281975
-64.69986702
-64.11279421
-65.66339182
-65.00524409
-64.38544714
-63.79985917
-68.87284417
-68.34690096
-67.83194842
-67.32912824
-66.83950638
-66.37900593
-66.37965381
-66.36577795
-66.33747939
-66.29497529
-53.00124327
-62.94262417
-62.25550614
-61.61285155
-63.09709336
-62.39490232
-61.69551306
-66.60560322
-66.64572422
-66.66309588
-66.65748895
-66.62907978
-65.93144252
-65.32124172
-64.74466157
-64.19842112
-58.66431934
-58.62454652
-60.24762361
-59.41167137
-50.39332616
-46.74279634
-45.11627782
-41.52803028
-45.37008429
-43.67249914
-44.53271925
-41.07378463
-33.40651197
-41.83483423
-40.36805781
-37.00580572
-35.27382062
-37.20440246
-35.98211463
-38.38035841
-31.89969867
-35.95161256
-35.71676239
-40.36963556
-42.73345659
-41.71050938
-40.43605767
-45.1564736
-46.45325302
-45.21986533
-47.46308645
-45.33441822
-45.75928856
-51.27237275
-47.93446762
-49.88281306
-51.78290949
-51.3155034
-52.81762703
-52.40322955
-58.9426189
-59.35806208
-58.28037955
-56.99421243
-56.65723471
-55.69732848
-54.87505276
-53.98040805
-51.38890633
-49.91390486
-42.08563658
-46.81554181
-48.2819765
-48.77833933
-50.52455786
-38.4932927
-38.55678618
-38.44232381
-37.28217675
-50.95768821
-49.7354383
-44.53438356
-43.19676651
-47.81277903
-46.67109015
-45.39771561
-44.16102709
-43.09989741
-45.25045535
-44.08311143
-42.79554196
-42.84448911
-46.49989064
-45.09266333
-41.80460144
-43.58703045
-48.19590252
-49.91168515
-48.58667462
-46.95557266
-53.76566258
-52.81689401
-64.09287725
-64.6448766
-65.20993328
-65.78468395
-65.74570379
-65.16255087
-64.61073946
-64.08667343
-66.37911709
-66.37953111
-66.36543343
-66.33685047
-66.29391755
-65.6974583
-65.15936826
-64.62646747
-64.1012857
-63.51168167
-63.40273411
-63.26265853
-62.27277916
-61.50126553
-60.77558656
-56.65419872
-55.69468078
-66.67713909
-66.64343743
-66.59476221
-66.53152687
-66.45426818
-68.94123095
-68.46130235
-67.99753863
-67.54904402
-67.11521859
-68.9325473
-68.40965911
-67.91144057
-67.43545676
-66.97989632
-66.60991498
-66.66045531
-66.69463239
-66.71192451
-66.71187114
-52.28117773
-54.59254295
-54.31963378
-56.24600568
-55.53528428
-57.56717769
-56.75619422
-57.50605687
-56.5982062
-59.93491929
-59.21843853
-58.32184374
-58.05590927
-57.53088035
-57.26567477
-59.3072442
-58.50518695
-60.19800972
-59.34843994
-61.19503773
-61.17313408
-61.10872928
-60.20274546
-59.31357257
-62.95670298
-62.35372682
-61.75756995
-61.10226016
-60.98366469
-60.82122028
-53.00468822
-51.78909782
-52.25152921
-51.77078207
-51.22740687
-46.66920898
-47.75624188
-69.47753189
-69.51848396
-69.53500515
-69.52789635
-69.49670405
-68.86075238
-68.31336496
-67.79235038
-67.29503453
-66.8194046
-65.59004195
-64.96672808
-64.36955254
-63.79573981
-63.30536086
-63.30855326
-63.25214885
-68.79060794
-68.21897313
-67.67830453
-67.16505986
-66.67651851
-66.28083683
-66.32555524
-66.34370537
-66.33494389
-66.29943225
-65.55918967
-64.91081896
-64.29372631
-63.70401677
-65.65615334
-65.07757401
-64.50668547
-63.94493451
-63.37238063
-63.31306932
-63.21964707
-65.54308144
-64.90255798
-64.29090951
-63.70320801
-63.25355946
-63.33592
-63.38390789
-62.23347604
-61.39918983
-60.62585411
-46.50559831
-47.64793459
-48.85997759
-49.97380143
-48.15623254
-42.62007159
-44.32339356
-42.15771045
-41.52895986
-46.28023915
-45.22865063
-46.46684437
-45.58683494
-44.01690972
-43.18880059
-42.05137736
-43.53538328
-44.3921158
-41.58306606
-43.48948764
-42.39400596
-49.01352972
-48.05253968
-46.34645172
-48.23692652
-47.2690379
-46.66796198
-51.48055694
-50.75477826
-49.49462319
-52.70560001
-51.60281096
-51.41919256
-50.19311348
-50.33224483
-47.40046533
-44.7193552
-42.96141151
-41.85182331
-43.30477255
-42.06206948
-10.42403714
0.3436568905
-2.899707594
-1.054131102
-6.949580873
-5.522054421
-2.340627171
-11.68627007
-9.441956704
-4.048084752
-2.55403625
7.557717243
1.343356697
1.777974106
5.135488542
4.075251716
5.794459772
-11.66748367
-18.278948
-17.01462648
-15.58849307
-10.52691796
3.235359552
7.886184443
-12.36652735
-9.142504194
-22.63759017
-21.43551688
-21.85227383
-18.52968998
-23.73791413
-21.31882265
-25.85358868
-29.90616283
-35.48885238
-34.97437202
-33.57914445
-32.92588499
-36.10435627
-34.98827945
-37.03206928
-35.95945122
-33.28906525
-32.1677073
-33.31018801
-38.07263261
-39.15345183
-41.47697904
-42.79665375
-43.60062737
-45.02887481
-45.29796462
-45.2733975
-48.84183185
-47.33394572
-30.88703074
-31.70591991
-29.7652965
-37.18682418
-35.82962843
-32.86131925
-34.15874665
-35.93485441
-37.46293954
-27.15178815
-28.18492914
-40.00704234
-39.41653193
-39.49751935
-43.7384515
-37.52851376
-38.57629569
-36.78559721
-35.88781604
-39.82289349
-23.61712133
-23.74319267
-22.02119931
-20.55559633
-16.43722466
-14.7773232
-16.98895692
-12.85336461
-14.7865199
-11.58674521
-16.46999973
-17.33784501
-19.10131834
-13.78106514
-21.10622352
-13.44220456
-15.88882071
-17.74670315
-19.29357099
-20.06828223
-7.661390495
-5.137279212
-6.614942089
-3.206801829
-15.16596977
-25.45686282
-26.22773935
-32.31832079
-26.79676398
-25.492128
-33.42701845
-32.75876776
-31.31740927
-29.98409567
-8.374542392
-23.91240468
-22.9913927
-21.31685684
-23.52953878
-66.22870993
-65.84771528
-65.44337073
-65.02284116
-63.60383062
-63.63137784
-63.63793833
-63.62325458
-69.4698542
-69.50420573
-69.51433008
-69.50078091
-69.46266671
-68.87552962
-68.3445443
-67.81066703
-67.27890624
-66.75357496
-66.29993447
-66.33535367
-66.34401602
-66.3257177
-66.28084386
-68.87562995
-68.34473471
-67.8109486
-67.27928848
-66.754085
-62.4102871
-61.507884
-60.67635409
-65.94957758
-65.36201097
-64.78570341
-64.22392961
-63.15479109
-62.45119427
-61.79260861
-63.88665254
-63.83944806
-63.76822699
-63.67400891
-66.12781154
-65.55942059
-64.99758558
-64.44655139
-63.90731263
-63.8826005
-63.8356423
-63.76698301
-63.06701569
-62.43633549
-61.80226187
-52.10014388
-50.51862359
-58.93042381
-57.88109035
-58.90682991
-57.90247259
-56.93330517
-56.83262978
-55.86162556
-54.89277962
-61.30789443
-62.03368198
-62.79437525
-62.61059751
-61.70792346
-60.87101557
-62.23892878
-61.42146934
-60.6436994
-60.03839708
-60.114724
-60.13198161
-58.70225382
-57.61892289
-58.8767444
-57.93519415
-55.73258071
-54.48282957
-54.54275725
-54.13901372
-53.1489216
-52.57692735
-58.5064763
-59.30729401
-58.92974922
-57.88010238
-62.44774733
-61.54971808
-60.70266713
-59.95812295
-59.97570274
-59.95805098
-62.36366964
-61.55081038
-60.79616914
-62.36142392
-61.58654652
-60.8272128
-60.13324383
-60.11494831
-60.03749141
-65.58755564
-64.99938349
-64.43917541
-63.90565996
13.80878185
19.59949015
-44.62958203
-52.1063026
-57.03651912
-57.08528331
-55.82773929
-54.68584083
-59.07972019
-58.06127499
-55.41740288
-54.32107963
-50.89020988
-53.68286917
-53.58047383
-52.65872645
-51.50084999
-48.84261336
-48.08980543
-45.52183312
-47.13367244
-45.2759712
-40.06962974
-38.19499125
-36.97895276
-35.65563943
-38.10191589
-43.08135844
-38.75092067
-39.69795207
-38.63338965
-40.48758197
-44.79299863
-41.52719627
-41.24486246
-58.75171394
-57.6591569
-56.84254637
-56.98816612
-57.58895008
-56.70044502
-60.22535275
-59.35462002
-50.39234484
-55.08140085
-54.30757792
-56.00760605
-55.97584376
-53.76505969
-52.80794678
-54.30735389
-53.74579999
-55.59934067
-55.24942334
-57.13857026
-56.50861502
-59.11303712
-58.42623617
-60.75782775
-60.42760869
-60.08877636
-59.55932235
-58.59616827
-60.56015073
-60.45148486
-60.29452704
-55.72386369
-54.6330991
-55.0869465
-54.29025602
28.83097049
25.45939559
71.08031724
80
71.20159415
12.39686148
-19.28631557
-19.74537078
1.951423888
-10.42312849
-8.374476982
-14.89433899
-1.558433412
-20.25494702
-14.4926706
-7.373705319
3.09527909
4.663210721
7.564381013
-66.27863936
-59.38561407
-65.3161907
-39.4159343
-36.99608932
-48.69833987
-55.89588853
-52.55197069
-72.12996594
-80
-72.3231358
-47.88674629
-48.58306592
-20.15410393
-42.56082188
-35.49477094
-21.84815949
-23.99940216
-15.95029271
-56.33984333
-59.76509453
-60.41335258
-62.44063604
-61.8046525
-61.79718222
-61.29374574
-60.87666419
-60.6287085
-68.38356404
-67.86852664
-67.37570437
-66.9034664
-67.91283773
-67.42764961
-66.96137332
-67.44989009
-66.99240735
-66.99615074
-64.11990504
-64.73804013
-63.97389125
-65.88627143
-65.88384959
-65.8498385
-65.25426716
-65.24601326
-64.6577249
-68.90890894
-68.93429466
-68.93667392
-68.91618704
-68.35297415
-68.371943
-68.36975243
-67.82437235
-67.83757945
-67.32056796
-66.8434782
-67.31956239
-67.80622404
-68.30190352
-66.83156972
-67.29287094
-67.76186825
-66.80382432
-67.24898875
-66.7605028
-67.04433455
-67.11415426
-67.16802662
-67.20550048
-67.50314813
-67.56895262
-67.61710449
-67.98089932
-68.04150241
-68.47902323
-67.44017048
-67.92849564
-68.43945208
-68.97521217
-67.93615236
-68.45368118
-68.99679082
-68.44653375
-68.99526966
-68.97071778
-63.25201978
-63.8013998
-63.56223901
-67.22931785
-67.19950472
-67.15321891
-67.09090794
-67.65248921
-67.60931011
-67.54853298
-68.08566656
-68.02699316
-68.52835926
-65.39819905
-65.84643722
-66.31404883
-65.80027796
-66.27081329
-66.20780628
-64.33659378
-64.56819113
-64.77955129
-64.90173942
-65.13750547
-65.49722362
-63.3135567
-63.65767534
-63.84959972
-65.44466472
-65.87412278
-66.2841944
-65.88361095
-66.3221537
-66.33980582
-67.71420521
-68.2163931
-68.73418251
-69.26700526
-68.19571067
-68.72803703
-69.27816839
-68.69994452
-69.26560761
-69.22905362
-58.78271673
-56.5608703
-56.70178802
-62.21373386
-61.48172899
-61.61034314
-62.82062126
-62.84959669
-62.00200196
-65.09268825
-64.38580757
-64.40268244
-62.22755455
-61.64720137
-61.47649643
-53.89605439
-56.08781659
-57.04619948
-58.85977878
-55.08602423
-59.58541347
-54.57265353
-54.35469756
-55.99944231
-56.73032513
-58.51708673
-59.83785343
-63.10355206
-62.32206318
-63.0357916
-63.34159991
-63.31807876
-62.64124895
-65.49453552
-64.96036098
-64.43343845
-64.89057054
-64.39553237
-64.3199359
-57.56466334
-62.1918267
-61.32701736
-61.53101641
-60.13856624
-62.31272487
-61.71879698
-61.39931085
-55.27223245
-57.02773363
-57.87312632
-57.84818116
-59.47724103
-64.89654986
-65.45429229
-66.04479204
-65.48820011
-66.07598135
-66.07694061
-67.14788687
-67.16720164
-67.16110205
-67.12979688
-67.63078788
-67.62772713
-67.59686279
-68.11701709
-68.08707548
-68.60281358
-69.04789917
-68.512712
-68.004514
-67.52052803
-69.09144525
-68.55221049
-68.0400555
-69.11140066
-68.57008011
-69.10816546
-64.41989285
-64.50920947
-64.57737987
-64.95418834
-65.04856556
-65.51915235
-62.4150138
-63.15457777
-63.10675528
-64.54991851
-64.54509917
-64.49779073
-65.07715333
-65.04002697
-65.61062477
-61.99652048
-62.04393279
-62.6872252
-63.36763322
-62.62810655
-63.31813236
-67.67165259
-68.13087087
-68.60394725
-69.09097123
-68.11672491
-68.60211773
-69.10326913
-68.57844129
-69.09232752
-69.05793926
-64.41687782
-64.93750547
-65.4459468
-64.40431495
-64.87416816
-64.33079092
-67.10333244
-67.56292569
-68.04438954
-68.54980787
-67.13080034
-67.58772555
-68.0656773
-67.13246674
-67.58424252
-67.10822116
-69.17136859
-69.17246573
-69.15015762
-69.10398415
-68.63066937
-68.60853749
-68.56459981
-68.09465508
-68.05322035
-67.56694019
-69.228231
-69.22812604
-69.20435493
-69.15643533
-68.68432228
-68.65838567
-68.61047582
-68.14060013
-68.09345093
-67.60232315
-67.31239374
-67.75825478
-68.2217402
-68.70377347
-67.345643
-67.77842976
-68.22603357
-67.326472
-67.74145662
-67.25538025
-64.59163222
-64.57268876
-64.53155737
-65.06059192
-65.03427553
-65.55142522
-66.15363693
-65.62576044
-65.10281147
-66.15902833
-65.6056326
-66.13464699
-63.18864608
-62.49321331
-63.28086004
-67.24033369
-67.70539322
-68.19123889
-68.69947304
-67.28530615
-67.74367747
-68.22103374
-67.30263685
-67.7514423
-67.2920327
-64.98502076
-65.5773031
-66.18595043
-65.56999616
-66.20455008
-66.1909059
-67.63321976
-68.18363752
-68.74118681
-69.30067366
-68.14226551
-68.7212838
-69.30703733
-68.67944558
-69.28967195
-69.24817607
-64.78695884
-65.39269096
-66.02825217
-65.39771288
-66.04804976
-66.04911966
-64.40155877
-64.38373561
-65.0914442
-67.14641544
-67.62979945
-68.13837334
-68.67495015
-67.18323933
-67.66704609
-68.17587009
-67.20399654
-67.6865412
-67.20846799
-54.70100229
-55.17637345
-68.67580267
-68.13919784
-67.6306098
-67.14722927
-68.17677058
-67.66790808
-67.18408373
-67.68744661
-67.20486355
-67.20934567
-69.24882507
-69.29020663
-69.30745585
-69.30097224
-68.68009989
-68.72183489
-68.74162893
-68.14292991
-68.18421015
-67.63390497
-64.43396379
-64.96097435
-65.49526011
-64.3958683
-64.89112708
-64.32028778
-64.78762124
-65.3984798
-66.04994476
-65.39352624
-66.04889655
-66.02913053
-67.39691717
-67.82348094
-68.26373516
-68.71799324
-67.36422709
-67.77930409
-68.20610783
-67.31499662
-67.71730109
-67.24975842
-55.44708301
-54.08894383
-57.11729708
-58.31614163
-56.00831647
-55.2514803
-55.50424199
-56.95188929
-60.21778374
-62.34863695
-61.73541853
-61.73867147
-57.62804433
-61.38327328
-60.71564052
-61.07230234
-62.73007066
-62.43159476
-62.0587668
-62.51188039
-61.77855551
-62.26486585
-56.48776734
-56.80096039
-55.42611772
-60.24358168
-54.98426951
-53.94078102
-54.13852331
-54.36030548
-56.42208903
-58.66425258
-55.14627275
-59.66062799
-54.38060121
-59.82271964
-57.85723749
-59.42527196
-56.9309104
-54.59704276
-59.52188011
-55.58167154
-62.87589304
-62.8879249
-62.07932127
-63.11563925
-63.08213754
-62.37226359
-66.02124357
-66.03865813
-66.02141064
-65.36896035
-65.36766893
-64.74925739
-66.02227238
-66.03935775
-66.02172302
-65.36872952
-65.36977722
-64.75057814
-67.1977736
-67.69843132
-68.20056767
-68.69903442
-67.21538667
-67.68896415
-68.15847636
-67.20256763
-67.64624926
-67.15955475
-67.15937475
-67.64607903
-68.15831041
-68.69886741
-67.20221942
-67.68863289
-68.20024279
-67.21488824
-67.69795366
-67.19714899
-67.67163305
-68.19164863
-68.72779957
-69.27917257
-68.16978054
-68.72145113
-69.29142701
-68.69324286
-69.28002561
-69.24471511
-66.19215593
-65.60931924
-65.04936834
-66.25944501
-65.64911526
-66.26619946
-58.51660051
-62.0479921
-61.30580273
-61.35978764
-59.3500901
-62.00228004
-61.24836885
-61.26904483
-65.08190349
-64.38236006
-64.3827338
-63.01295399
-62.32661111
-63.04880732
-58.90751607
-67.68042689
-68.17726295
-68.68637448
-69.20635891
-68.16484964
-68.69071183
-69.23045306
-68.67318609
-69.23100504
-69.20789974
-65.02366532
-65.62325618
-66.23549807
-65.63758817
-66.27486706
-66.29255192
-67.1307239
-67.16223008
-67.16840602
-67.14906692
-67.59798522
-67.62890729
-67.6319831
-68.08834379
-68.11826375
-68.60418587
-65.00092395
-65.54757275
-66.11403903
-65.55909121
-66.14159653
-66.1499727
-64.92778177
-65.49369644
-66.07918286
-65.48510233
-66.09075115
-66.07273341
-56.46332123
-57.848874
-58.70760984
-60.04678687
-63.01433733
-63.5174523
-63.51614372
-61.20059315
-61.38376449
-60.90087133
-62.09372887
-62.76726182
-62.31968091
-60.29652959
-62.30131841
-62.71243008
-62.01370633
-65.50454926
-64.99474475
-64.49790864
-64.96676442
-64.49137182
-64.45259069
-61.35126483
-61.12166208
-60.8523285
-65.5980465
-65.05474187
-64.51579939
-65.05064037
-64.54414633
-64.53029208
-66.27904332
-66.25029648
-66.20252645
-65.62439193
-65.59900922
-65.01081272
-69.29780065
-68.79884506
-68.31879177
-67.85658575
-69.31615713
-68.80579987
-68.31576742
-69.31074041
-68.79057391
-69.28149272
-69.24625385
-69.28135627
-69.29258449
-69.28018637
-68.69450167
-68.72261324
-68.7288576
-68.17084909
-68.19267738
-67.67257165
-67.22208741
-67.20969646
-67.1807898
-67.135588
-67.67820219
-67.64984717
-67.60355667
-68.1422008
-68.09489111
-68.61208928
-68.70579053
-68.26141576
-67.82799753
-67.40589379
-68.20793361
-67.79017511
-67.38137671
-67.73204788
-67.33804123
-67.27633909
-54.38022609
-57.62441233
-59.3210207
-57.71509554
-56.95340927
-63.21404398
-63.24274111
-62.50174472
-54.41669562
-56.84599576
-55.29634599
-67.56803925
-68.05437346
-68.56579616
-69.10520825
-68.09584459
-68.60976344
-69.15141232
-68.63193151
-69.17376333
-69.17272419
-64.33274428
-64.32024445
-64.27527986
-64.85693666
-64.81859047
-65.39092644
-62.43879032
-63.13779734
-63.16583699
-61.83543755
-61.81795179
-62.45242632
-67.11000136
-67.58562789
-68.0669062
-68.5509975
-67.13382152
-67.58890932
-68.04553958
-67.13184812
-67.56397967
-67.10419566
-60.26458422
-55.17234068
-56.74191795
-56.79750493
-56.09598827
-55.11584217
-53.70198349
-54.10777108
-59.33692815
-59.47060067
-61.00458579
-61.76433621
-61.16065238
-64.85580763
-65.43747111
-66.03737475
-65.4278297
-66.04980261
-66.0323589
-66.11751962
-66.08573836
-66.03251587
-65.52714656
-65.47587845
-64.94826554
-63.92744108
-64.5127141
-65.13085013
-64.0202062
-64.60029239
-64.0762419
-68.99672618
-69.02815934
-69.0363674
-69.02148657
-68.50290043
-68.52276421
-68.52102227
-68.02710298
-68.03678201
-67.56828888
-68.9967655
-69.03663192
-69.05306735
-69.04640759
-68.46498922
-68.49865876
-68.51078881
-67.95896756
-67.98693095
-67.47623857
-61.83333587
-62.47822812
-61.83914691
-64.42246286
-64.41311894
-64.37001061
-64.9327666
-64.89936569
-65.45465492
-54.70784227
-67.24251515
-67.79260855
-68.34916683
-68.90725907
-67.75533143
-68.33284502
-68.91638515
-68.2953501
-68.90267509
-68.86578186
-67.06514497
-67.09002485
-67.0899059
-67.06473533
-67.52016014
-67.54058926
-67.53357102
-67.99577978
-68.01058447
-68.49384711
-69.10936444
-68.57133134
-68.04147054
-67.52225616
-69.11258528
-68.55347338
-68.00597042
-69.092583
-68.51396148
-69.04894824
-62.73544925
-61.9715767
-62.6805018
-65.86312907
-65.92285947
-65.9640408
-65.26468487
-65.30207634
-64.68038451
-65.63558225
-65.66310505
-65.67237683
-64.9957264
-65.00853166
-64.3845338
-66.76114713
-67.24949478
-67.76232878
-68.30236019
-66.80433091
-67.29332338
-67.80667651
-66.83192021
-67.31994095
-66.84367852
-62.37181347
-61.72121439
-61.78548545
-63.03288608
-63.0844187
-62.34200768
-65.97922435
-65.36034771
-64.77650743
-65.99836948
-65.37403015
-65.98847825
-59.41690887
-57.94556503
-56.15356402
-54.1904536
-53.56048415
-64.12286173
-64.13602732
-64.12595612
-64.64770501
-64.65914963
-65.20053439
-65.73740097
-65.17691602
-64.62580789
-65.75883149
-65.17796635
-65.76156673
-62.41089397
-61.61557719
-62.52405233
-56.48577324
-68.39793241
-67.94823388
-67.51168137
-67.08806936
-67.87957684
-67.45650071
-67.04443777
-67.38403536
-66.98471997
-66.90947272
-67.13318071
-67.56589963
-68.01017465
-68.46586323
-67.12220215
-67.54224675
-67.97164627
-67.09272694
-67.49858677
-67.04512161
-55.23889789
-57.63788286
-57.33085993
-58.95562052
-58.2392251
-60.23094063
-60.10306091
-61.4881819
-62.19817613
-61.64849634
-67.3208053
-67.83799765
-68.37026521
-68.91671427
-67.8247773
-68.3724922
-68.93727299
-68.35356229
-68.93499455
-68.90974364
-63.94352366
-64.6708705
-63.97322101
-66.74982115
-66.79467688
-66.81034292
-66.79656053
-67.24129054
-67.28605984
-67.29865975
-67.75756422
-67.80187899
-68.30129488
-64.30505321
-64.93526015
-65.59736072
-64.93795333
-65.61832295
-65.60551914
-64.02505574
-63.9286226
-64.69017511
-63.94746432
-64.01156337
-64.67590672
-62.33303278
-61.48638976
-62.4048704
-64.43312946
-64.99762084
-65.59478411
-64.65085696
-65.23169514
-64.84847972
-62.78773442
-62.80497783
-62.02188408
-68.9070878
-68.34890925
-67.79226231
-67.24206567
-68.9161459
-68.33252436
-67.7549277
-68.90237144
-68.2949726
-68.86541785
-68.30139043
-67.80206659
-67.29894649
-66.79695882
-67.75765607
-67.28624481
-66.81063745
-67.24137556
-66.79485519
-66.74988696
-62.32444786
-62.38190527
-61.47685543
-64.29989469
-64.35248341
-64.3807573
-64.84487319
-64.87729304
-65.39931344
-63.12144736
-62.41682426
-63.05505894
-65.45694973
-64.92726459
-64.40258574
-64.82747937
-64.33154785
-64.23450063
-63.12555269
-62.45677377
-63.15532116
-58.96092814
-57.82235806
-55.88579706
-61.07165448
-61.21877108
-61.9030276
-60.75453876
-60.79886206
-61.5004351
-58.75194775
-59.02028218
-54.67649487
-53.5127996
-58.23948259
-60.72647718
-61.55321147
-60.73533821
-62.41217613
-62.41287839
-61.59010349
-60.75954731
-61.53164865
-60.82762614
-64.48589535
-65.08155652
-65.69048563
-65.0551119
-65.69036197
-65.65593435
-55.8005596
-58.0087961
-55.59902173
-57.83525082
-56.77498187
-59.36915601
-55.12448921
-53.31462275
-54.63245376
-57.73036787
-59.76035125
-59.36013627
-59.47060698
-55.15027539
-54.36438392
