0.001; 5508.79
0.00101391; 5423.45
0.00102802; 5342.17
0.00104232; 5264.58
0.00105682; 5190.37
0.00107152; 5119.27
0.00108643; 5051.02
0.00110154; 4985.4
0.00111686; 4922.22
0.0011324; 4861.29
0.00114815; 4802.46
0.00116413; 4745.59
0.00118032; 4690.53
0.00119674; 4637.17
0.00121339; 4585.41
0.00123027; 4535.15
0.00124738; 4486.28
0.00126474; 4438.74
0.00128233; 4392.43
0.00130017; 4347.31
0.00131826; 4303.29
0.0013366; 4260.32
0.00135519; 4218.34
0.00137404; 4177.31
0.00139316; 4137.17
0.00141254; 4097.89
0.00143219; 4059.42
0.00145211; 4021.73
0.00147231; 3984.77
0.00149279; 3948.52
0.00151356; 3912.95
0.00153462; 3878.03
0.00155597; 3843.73
0.00157761; 3810.02
0.00159956; 3776.89
0.00162181; 3744.31
0.00164437; 3712.26
0.00166725; 3680.72
0.00169044; 3649.68
0.00171396; 3619.11
0.0017378; 3588.99
0.00176198; 3559.33
0.00178649; 3530.09
0.00181134; 3501.26
0.00183654; 3472.84
0.00186209; 3444.81
0.00188799; 3417.16
0.00191426; 3389.87
0.00194089; 3362.94
0.00196789; 3336.35
0.00199526; 3310.1
0.00202302; 3284.18
0.00205116; 3258.57
0.0020797; 3233.28
0.00210863; 3208.28
0.00213796; 3183.58
0.0021677; 3159.17
0.00219786; 3135.03
0.00222844; 3111.17
0.00225944; 3087.57
0.00229087; 3064.24
0.00232274; 3041.15
0.00235505; 3018.32
0.00238781; 2995.72
0.00242103; 2973.37
0.00245471; 2951.25
0.00248886; 2929.35
0.00252348; 2907.67
0.00255859; 2886.22
0.00259418; 2864.97
0.00263027; 2843.94
0.00266686; 2823.11
0.00270396; 2802.48
0.00274157; 2782.05
0.00277971; 2761.82
0.00281838; 2741.77
0.00285759; 2721.91
0.00289734; 2702.23
0.00293765; 2682.73
0.00297852; 2663.41
0.00301995; 2644.27
0.00306196; 2625.29
0.00310456; 2606.48
0.00314775; 2587.84
0.00319154; 2569.36
0.00323594; 2551.04
0.00328095; 2532.88
0.0033266; 2514.87
0.00337287; 2497.02
0.00341979; 2479.31
0.00346737; 2461.76
0.0035156; 2444.35
0.00356451; 2427.08
0.0036141; 2409.96
0.00366438; 2392.97
0.00371535; 2376.13
0.00376704; 2359.41
0.00381944; 2342.84
0.00387258; 2326.39
0.00392645; 2310.08
0.00398107; 2293.89
0.00403645; 2277.83
0.00409261; 2261.9
0.00414954; 2246.09
0.00420727; 2230.4
0.0042658; 2214.83
0.00432514; 2199.39
0.00438531; 2184.05
0.00444631; 2168.84
0.00450817; 2153.74
0.00457088; 2138.76
0.00463447; 2123.88
0.00469894; 2109.12
0.00476431; 2094.47
0.00483059; 2079.92
0.00489779; 2065.49
0.00496592; 2051.15
0.00503501; 2036.93
0.00510505; 2022.8
0.00517607; 2008.78
0.00524807; 1994.87
0.00532108; 1981.05
0.00539511; 1967.33
0.00547016; 1953.71
0.00554626; 1940.18
0.00562341; 1926.75
0.00570164; 1913.42
0.00578096; 1900.18
0.00586138; 1887.04
0.00594292; 1873.99
0.0060256; 1861.02
0.00610942; 1848.15
0.00619441; 1835.37
0.00628058; 1822.68
0.00636796; 1810.08
0.00645654; 1797.56
0.00654636; 1785.13
0.00663743; 1772.78
0.00672977; 1760.52
0.00682339; 1748.35
0.00691831; 1736.25
0.00701455; 1724.24
0.00711214; 1712.32
0.00721107; 1700.47
0.00731139; 1688.7
0.0074131; 1677.01
0.00751623; 1665.4
0.00762079; 1653.87
0.00772681; 1642.42
0.0078343; 1631.04
0.00794328; 1619.74
0.00805378; 1608.51
0.00816582; 1597.36
0.00827942; 1586.28
0.0083946; 1575.28
0.00851138; 1564.35
0.00862979; 1553.49
0.00874984; 1542.71
0.00887156; 1531.99
0.00899498; 1521.35
0.00912011; 1510.78
0.00924698; 1500.27
0.00937562; 1489.84
0.00950605; 1479.47
0.00963829; 1469.17
0.00977237; 1458.94
0.00990832; 1448.77
0.0100462; 1438.68
0.0101859; 1428.64
0.0103276; 1418.68
0.0104713; 1408.77
0.010617; 1398.94
0.0107647; 1389.16
0.0109144; 1379.45
0.0110662; 1369.8
0.0112202; 1360.22
0.0113763; 1350.69
0.0115345; 1341.23
0.011695; 1331.83
0.0118577; 1322.49
0.0120226; 1313.21
0.0121899; 1303.99
0.0123595; 1294.83
0.0125314; 1285.72
0.0127057; 1276.68
0.0128825; 1267.69
0.0130617; 1258.76
0.0132434; 1249.89
0.0134276; 1241.08
0.0136144; 1232.32
0.0138038; 1223.62
0.0139959; 1214.98
0.0141906; 1206.39
0.014388; 1197.85
0.0145881; 1189.37
0.0147911; 1180.94
0.0149968; 1172.57
0.0152055; 1164.25
0.015417; 1155.99
0.0156315; 1147.77
0.0158489; 1139.61
0.0160694; 1131.51
0.016293; 1123.45
0.0165196; 1115.45
0.0167494; 1107.49
0.0169824; 1099.59
0.0172187; 1091.74
0.0174582; 1083.94
0.0177011; 1076.19
0.0179473; 1068.48
0.018197; 1060.83
0.0184502; 1053.23
0.0187068; 1045.68
0.0189671; 1038.17
0.0192309; 1030.71
0.0194984; 1023.3
0.0197697; 1015.94
0.0200447; 1008.63
0.0203236; 1001.36
0.0206063; 994.141
0.020893; 986.968
0.0211836; 979.841
0.0214783; 972.761
0.0217771; 965.726
0.02208; 958.738
0.0223872; 951.794
0.0226986; 944.896
0.0230144; 938.043
0.0233346; 931.235
0.0236592; 924.472
0.0239883; 917.752
0.024322; 911.077
0.0246604; 904.446
0.0250035; 897.859
0.0253513; 891.315
0.025704; 884.815
0.0260615; 878.357
0.0264241; 871.943
0.0267917; 865.572
0.0271644; 859.243
0.0275423; 852.957
0.0279254; 846.712
0.0283139; 840.51
0.0287078; 834.35
0.0291072; 828.232
0.0295121; 822.155
0.0299226; 816.12
0.0303389; 810.126
0.030761; 804.173
0.0311889; 798.261
0.0316228; 792.39
0.0320627; 786.56
0.0325087; 780.77
0.032961; 775.021
0.0334195; 769.313
0.0338844; 763.644
0.0343558; 758.016
0.0348337; 752.427
0.0353183; 746.879
0.0358096; 741.37
0.0363078; 735.901
0.0368129; 730.472
0.037325; 725.082
0.0378443; 719.731
0.0383707; 714.42
0.0389045; 709.148
0.0394457; 703.915
0.0399945; 698.721
0.0405509; 693.566
0.041115; 688.451
0.0416869; 683.374
0.0422669; 678.335
0.0428549; 673.336
0.043451; 668.375
0.0440555; 663.453
0.0446684; 658.569
0.0452898; 653.724
0.0459198; 648.918
0.0465586; 644.15
0.0472063; 639.42
0.047863; 634.729
0.0485289; 630.076
0.049204; 625.462
0.0498884; 620.885
0.0505825; 616.347
0.0512861; 611.848
0.0519996; 607.386
0.052723; 602.963
0.0534564; 598.578
0.0542001; 594.231
0.0549541; 589.923
0.0557186; 585.652
0.0564937; 581.42
0.0572796; 577.226
0.0580764; 573.071
0.0588844; 568.953
0.0597035; 564.874
0.0605341; 560.833
0.0613762; 556.831
0.06223; 552.866
0.0630957; 548.94
0.0639735; 545.052
0.0648634; 541.203
0.0657658; 537.392
0.0666807; 533.619
0.0676083; 529.885
0.0685488; 526.189
0.0695024; 522.531
0.0704693; 518.912
0.0714496; 515.332
0.0724436; 511.79
0.0734514; 508.286
0.0744732; 504.822
0.0755092; 501.395
0.0765597; 498.008
0.0776247; 494.659
0.0787046; 491.348
0.0797995; 488.077
0.0809096; 484.844
0.0820352; 481.65
0.0831764; 478.494
0.0843335; 475.378
0.0855067; 472.3
0.0866962; 469.261
0.0879023; 466.261
0.0891251; 463.299
0.0903649; 460.377
0.091622; 457.493
0.0928966; 454.648
0.094189; 451.842
0.0954993; 449.075
0.0968278; 446.347
0.0981748; 443.657
0.0995405; 441.007
0.100925; 438.395
0.102329; 435.821
0.103753; 433.287
0.105196; 430.791
0.10666; 428.334
0.108143; 425.915
0.109648; 423.535
0.111173; 421.194
0.11272; 418.891
0.114288; 416.626
0.115878; 414.399
0.11749; 412.211
0.119124; 410.061
0.120781; 407.948
0.122462; 405.874
0.124165; 403.837
0.125893; 401.838
0.127644; 399.876
0.12942; 397.952
0.13122; 396.065
0.133045; 394.215
0.134896; 392.402
0.136773; 390.626
0.138676; 388.886
0.140605; 387.183
0.142561; 385.515
0.144544; 383.884
0.146555; 382.288
0.148594; 380.728
0.150661; 379.203
0.152757; 377.713
0.154882; 376.258
0.157036; 374.837
0.159221; 373.45
0.161436; 372.098
0.163682; 370.778
0.165959; 369.493
0.168267; 368.24
0.170608; 367.019
0.172982; 365.831
0.175388; 364.675
0.177828; 363.55
0.180302; 362.457
0.18281; 361.394
0.185353; 360.362
0.187932; 359.36
0.190546; 358.387
0.193197; 357.444
0.195884; 356.53
0.198609; 355.644
0.201372; 354.786
0.204174; 353.955
0.207014; 353.151
0.209894; 352.374
0.212814; 351.623
0.215774; 350.898
0.218776; 350.198
0.22182; 349.523
0.224905; 348.871
0.228034; 348.244
0.231206; 347.64
0.234423; 347.058
0.237684; 346.499
0.240991; 345.961
0.244343; 345.445
0.247742; 344.949
0.251189; 344.473
0.254683; 344.018
0.258226; 343.581
0.261818; 343.163
0.265461; 342.763
0.269153; 342.381
0.272898; 342.016
0.276694; 341.667
0.280543; 341.335
0.284446; 341.018
0.288403; 340.716
0.292415; 340.429
0.296483; 340.156
0.300608; 339.897
0.304789; 339.651
0.30903; 339.417
0.313329; 339.196
0.317687; 338.987
0.322107; 338.789
0.326588; 338.602
0.331131; 338.425
0.335738; 338.258
0.340408; 338.101
0.345144; 337.953
0.349945; 337.814
0.354813; 337.683
0.359749; 337.56
0.364754; 337.445
0.369828; 337.337
0.374973; 337.236
0.380189; 337.142
0.385478; 337.054
0.390841; 336.972
0.396278; 336.895
0.401791; 336.824
0.40738; 336.758
0.413048; 336.696
0.418794; 336.639
0.42462; 336.586
0.430527; 336.537
0.436516; 336.492
0.442588; 336.45
0.448745; 336.411
0.454988; 336.376
0.461318; 336.343
0.467735; 336.313
0.474242; 336.286
0.480839; 336.261
0.487528; 336.238
0.494311; 336.217
0.501187; 336.198
0.508159; 336.18
0.515229; 336.164
0.522396; 336.15
0.529663; 336.137
0.537032; 336.125
0.544503; 336.114
0.552077; 336.104
0.559758; 336.096
0.567545; 336.088
0.57544; 336.081
0.583445; 336.074
0.591562; 336.069
0.599791; 336.064
0.608135; 336.059
0.616595; 336.055
0.625173; 336.052
0.63387; 336.048
0.642688; 336.046
0.651628; 336.043
0.660693; 336.041
0.669885; 336.039
0.679204; 336.037
0.688652; 336.036
0.698232; 336.034
0.707946; 336.033
0.717794; 336.032
0.72778; 336.031
0.737904; 336.031
0.74817; 336.03
0.758578; 336.029
0.76913; 336.029
0.77983; 336.028
0.790679; 336.028
0.801678; 336.028
0.812831; 336.027
0.824138; 336.027
0.835603; 336.027
0.847227; 336.027
0.859014; 336.027
0.870964; 336.027
0.88308; 336.026
0.895365; 336.026
0.907821; 336.026
0.92045; 336.026
0.933254; 336.026
0.946237; 336.026
0.959401; 336.026
0.972747; 336.026
0.986279; 336.026
1; 336.026
1.01391; 336.026
1.02802; 336.026
1.04232; 336.026
1.05682; 336.026
1.07152; 336.026
1.08643; 336.026
1.10154; 336.026
1.11686; 336.026
1.1324; 336.026
1.14815; 336.026
1.16413; 336.026
1.18032; 336.026
1.19674; 336.026
1.21339; 336.026
1.23027; 336.026
1.24738; 336.026
1.26474; 336.026
1.28233; 336.026
1.30017; 336.026
1.31826; 336.026
1.3366; 336.026
1.35519; 336.026
1.37404; 336.026
1.39316; 336.026
1.41254; 336.026
1.43219; 336.026
1.45211; 336.026
1.47231; 336.026
1.49279; 336.026
1.51356; 336.026
1.53462; 336.026
1.55597; 336.026
1.57761; 336.026
1.59956; 336.026
1.62181; 336.026
1.64437; 336.026
1.66725; 336.026
1.69044; 336.026
1.71396; 336.026
1.7378; 336.026
1.76198; 336.026
1.78649; 336.026
1.81134; 336.026
1.83654; 336.026
1.86209; 336.026
1.88799; 336.026
1.91426; 336.026
1.94089; 336.026
1.96789; 336.026
1.99526; 336.026
2.02302; 336.026
2.05116; 336.026
2.0797; 336.026
2.10863; 336.026
2.13796; 336.026
2.1677; 336.026
2.19786; 336.026
2.22844; 336.026
2.25944; 336.026
2.29087; 336.026
2.32274; 336.026
2.35505; 336.026
2.38781; 336.026
2.42103; 336.026
2.45471; 336.026
2.48886; 336.026
2.52348; 336.026
2.55859; 336.026
2.59418; 336.026
2.63027; 336.026
2.66686; 336.026
2.70396; 336.026
2.74157; 336.026
2.77971; 336.026
2.81838; 336.026
2.85759; 336.026
2.89734; 336.026
2.93765; 336.026
2.97852; 336.026
3.01995; 336.026
3.06196; 336.026
3.10456; 336.026
3.14775; 336.026
3.19154; 336.026
3.23594; 336.026
3.28095; 336.026
3.3266; 336.026
3.37287; 336.026
3.41979; 336.026
3.46737; 336.026
3.5156; 336.026
3.56451; 336.026
3.6141; 336.026
3.66438; 336.026
3.71535; 336.026
3.76704; 336.026
3.81944; 336.026
3.87258; 336.026
3.92645; 336.026
3.98107; 336.026
4.03645; 336.026
4.09261; 336.026
4.14954; 336.026
4.20727; 336.026
4.2658; 336.026
4.32514; 336.026
4.38531; 336.026
4.44631; 336.026
4.50817; 336.026
4.57088; 336.026
4.63447; 336.026
4.69894; 336.026
4.76431; 336.026
4.83059; 336.026
4.89779; 336.026
4.96592; 336.026
5.03501; 336.026
5.10505; 336.026
5.17607; 336.026
5.24807; 336.026
5.32108; 336.026
5.39511; 336.026
5.47016; 336.026
5.54626; 336.026
5.62341; 336.026
5.70164; 336.026
5.78096; 336.026
5.86138; 336.026
5.94292; 336.026
6.0256; 336.026
6.10942; 336.026
6.19441; 336.026
6.28058; 336.026
6.36796; 336.026
6.45654; 336.026
6.54636; 336.026
6.63743; 336.026
6.72977; 336.026
6.82339; 336.026
6.91831; 336.026
7.01455; 336.026
7.11214; 336.026
7.21107; 336.026
7.31139; 336.026
7.4131; 336.026
7.51623; 336.026
7.62079; 336.026
7.72681; 336.026
7.8343; 336.026
7.94328; 336.026
8.05378; 336.026
8.16582; 336.026
8.27942; 336.026
8.3946; 336.026
8.51138; 336.026
8.62979; 336.026
8.74984; 336.026
8.87156; 336.026
8.99498; 336.026
9.12011; 336.026
9.24698; 336.026
9.37562; 336.026
9.50605; 336.026
9.63829; 336.026
9.77237; 336.026
9.90832; 336.026
10.0462; 336.026
10.1859; 336.026
10.3276; 336.026
10.4713; 336.026
10.617; 336.026
10.7647; 336.026
10.9144; 336.026
11.0662; 336.026
11.2202; 336.026
11.3763; 336.026
11.5345; 336.026
11.695; 336.026
11.8577; 336.026
12.0226; 336.026
12.1899; 336.026
12.3595; 336.026
12.5314; 336.026
12.7057; 336.026
12.8825; 336.026
13.0617; 336.026
13.2434; 336.026
13.4276; 336.026
13.6144; 336.026
13.8038; 336.026
13.9959; 336.026
14.1906; 336.026
14.388; 336.026
14.5881; 336.026
14.7911; 336.026
14.9968; 336.026
15.2055; 336.026
15.417; 336.026
15.6315; 336.026
15.8489; 336.026
16.0694; 336.026
16.293; 336.026
16.5196; 336.026
16.7494; 336.026
16.9824; 336.026
17.2187; 336.026
17.4582; 336.026
17.7011; 336.026
17.9473; 336.026
18.197; 336.026
18.4502; 336.026
18.7068; 336.026
18.9671; 336.026
19.2309; 336.026
19.4984; 336.026
19.7697; 336.026
20.0447; 336.026
20.3236; 336.025
20.6063; 336.025
20.893; 336.025
21.1836; 336.025
21.4783; 336.024
21.7771; 336.024
22.08; 336.024
22.3872; 336.024
22.6986; 336.024
23.0144; 336.024
23.3346; 336.024
23.6592; 336.024
23.9883; 336.024
24.322; 336.024
24.6604; 336.024
25.0035; 336.024
25.3513; 336.024
25.704; 336.024
26.0615; 336.024
26.4241; 336.024
26.7917; 336.024
27.1644; 336.024
27.5423; 336.024
27.9254; 336.023
28.3139; 336.023
28.7078; 336.023
29.1072; 336.022
29.5121; 336.022
29.9226; 336.021
30.3389; 336.021
30.761; 336.021
31.1889; 336.021
31.6228; 336.021
32.0627; 336.021
32.5087; 336.021
32.961; 336.021
33.4195; 336.022
33.8844; 336.022
34.3558; 336.022
34.8337; 336.022
35.3183; 336.022
35.8096; 336.022
36.3078; 336.022
36.8129; 336.021
37.325; 336.021
37.8443; 336.02
38.3707; 336.019
38.9045; 336.018
39.4457; 336.018
39.9945; 336.017
40.5509; 336.017
41.115; 336.017
41.6869; 336.017
42.2669; 336.018
42.8549; 336.018
43.451; 336.019
44.0555; 336.02
44.6684; 336.02
45.2898; 336.02
45.9198; 336.02
46.5586; 336.019
47.2063; 336.018
47.863; 336.016
48.5289; 336.014
49.204; 336.011
49.8884; 336.009
50.5825; 336.007
51.2861; 336.006
51.9996; 336.005
52.723; 336.006
53.4564; 336.006
54.2001; 336.008
54.9541; 336.011
55.7186; 336.014
56.4937; 336.018
57.2796; 336.021
58.0764; 336.025
58.8844; 336.029
59.7035; 336.032
60.5341; 336.035
61.3762; 336.037
62.23; 336.037
63.0957; 336.037
63.9735; 336.035
64.8634; 336.032
65.7658; 336.028
66.6807; 336.023
67.6083; 336.017
68.5488; 336.011
69.5024; 336.003
70.4693; 335.996
71.4496; 335.988
72.4436; 335.979
73.4514; 335.971
74.4732; 335.962
75.5092; 335.952
76.5597; 335.943
77.6247; 335.932
78.7046; 335.922
79.7995; 335.91
80.9096; 335.899
82.0352; 335.886
83.1764; 335.874
84.3335; 335.861
85.5067; 335.848
86.6962; 335.835
87.9023; 335.824
89.1251; 335.813
90.3649; 335.803
91.622; 335.795
92.8966; 335.788
94.189; 335.783
95.4993; 335.779
96.8278; 335.776
98.1748; 335.775
99.5405; 335.774
100.925; 335.774
102.329; 335.774
103.753; 335.774
105.196; 335.774
106.66; 335.774
108.143; 335.773
109.648; 335.772
111.173; 335.77
112.72; 335.769
114.288; 335.766
115.878; 335.764
117.49; 335.761
119.124; 335.758
120.781; 335.755
122.462; 335.751
124.165; 335.746
125.893; 335.741
127.644; 335.734
129.42; 335.726
131.22; 335.717
133.045; 335.706
134.896; 335.694
136.773; 335.681
138.676; 335.667
140.605; 335.652
142.561; 335.636
144.544; 335.621
146.555; 335.605
148.594; 335.591
150.661; 335.577
152.757; 335.564
154.882; 335.552
157.036; 335.542
159.221; 335.533
161.436; 335.524
163.682; 335.517
165.959; 335.51
168.267; 335.504
170.608; 335.498
172.982; 335.491
175.388; 335.484
177.828; 335.477
180.302; 335.47
182.81; 335.461
185.353; 335.453
187.932; 335.444
190.546; 335.434
193.197; 335.425
195.884; 335.418
198.609; 335.413
201.372; 335.413
204.174; 335.423
207.014; 335.453
209.894; 335.518
212.814; 335.651
215.774; 335.909
218.776; 336.405
221.82; 337.35
224.905; 339.15
228.034; 342.6
231.206; 349.268
234.423; 362.298
237.684; 388.086
240.991; 439.845
244.343; 545.292
247.742; 763.485
251.189; 1222.26
254.683; 2202.78
258.226; 4333.52
261.818; 9042.77
265.461; 19631.6
269.153; 43863.1
272.898; 100320
276.694; 234310
280.543; 558393
284.446; 1.35773e+06
288.403; 3.3694e+06
292.415; 8.53876e+06
296.483; 2.2112e+07
300.608; 5.85565e+07
304.789; 1.58705e+08
309.03; 4.40611e+08
313.329; 1.25423e+09
317.687; 3.66427e+09
322.107; 1.09991e+10
326.588; 3.39614e+10
331.131; 1.07995e+11
335.738; 3.54155e+11
340.408; 1.19942e+12
345.144; 4.20154e+12
349.945; 1.52488e+13
354.813; 5.74437e+13
359.749; 2.25059e+14
364.754; 9.19062e+14
369.828; 3.92134e+15
374.973; 1.75276e+16
380.189; 8.23179e+16
385.478; 4.07562e+17
390.841; 2.13523e+18
396.278; 1.18876e+19
401.791; 7.06728e+19
407.38; 4.51195e+20
413.048; 3.11378e+21
418.794; 2.34107e+22
424.62; 1.93564e+23
430.527; 1.78044e+24
436.516; 1.8485e+25
442.588; 2.20726e+26
448.745; 3.10882e+27
454.988; 5.35298e+28
461.318; 1.19027e+30
467.735; 3.7563e+31
474.242; 2.06202e+33
480.839; 4.52333e+35
487.528; -4.86938e+37
494.311; 2.08718e+39
501.187; -5.55606e+40
508.159; 1.06847e+42
515.229; -1.60348e+43
522.396; 1.96812e+44
529.663; -2.03912e+45
537.032; 1.82436e+46
544.503; -1.43382e+47
552.077; 1.00323e+48
559.758; -6.31682e+48
567.545; 3.61085e+49
575.44; -1.88768e+50
583.445; 9.08161e+50
591.562; -4.04237e+51
599.791; 1.6725e+52
608.135; -6.45832e+52
616.595; 2.33594e+53
625.173; -7.93962e+53
633.87; 2.54342e+54
642.688; -7.70089e+54
651.628; 2.2101e+55
660.693; -6.03161e+55
669.885; 1.57183e+56
679.204; -3.93458e+56
688.652; 9.54574e+56
698.232; -2.27484e+57
707.946; 5.42279e+57
717.794; -1.31966e+58
727.78; 3.32991e+58
737.904; -8.73553e+58
748.17; 2.35942e+59
758.578; -6.34151e+59
769.13; 2.03738e+60
779.83; 2.87411e+61
790.679; -7.45783e+63
801.678; 4.05279e+65
812.831; -1.2434e+67
824.138; 2.64771e+68
835.603; -4.30339e+69
847.227; 5.64057e+70
859.014; -6.18035e+71
870.964; 5.80602e+72
883.08; -4.76531e+73
895.365; 3.46704e+74
907.821; -2.26206e+75
920.45; 1.33603e+76
933.254; -7.19921e+76
946.237; 3.56268e+77
959.401; -1.62832e+78
972.747; 6.90697e+78
986.279; -2.73066e+79
1000; 1.00997e+80
