-20
-20
-20
-20
-17.92172005
-17.80243361
-17.69577367
-20
-20
-20
-20
-20
-20
-20
-17.84171905
-17.98949696
-18.15571086
-15.6734652
-15.72279778
-17.57033545
-15.5830772
-14.19039407
-20
-20
-20
-18.47647757
-18.31416718
-18.51168734
-20
-20
-17.55944763
-17.63042962
-17.57795795
-17.83730551
-16.5973744
-15.96107622
-16.27837508
-13.67579537
-13.70312856
-15.4456965
-13.42393309
-12.80114606
-11.09726224
-18.538416
-18.51643577
-18.60687838
-17.1580094
-16.94509371
-17.31232171
-20
-20
-18.39599388
-20
-20
-17.69115829
-15.61085226
-15.36141526
-15.33859174
-15.48945463
-15.18174448
-15.19765564
-14.0251487
-14.36562291
-11.80903461
-12.19887396
-11.70971266
-13.33854968
-11.48257773
-9.987433698
-10.12646344
-17.18868669
-17.07492446
-17.44633686
-15.88270933
-13.82070469
-14.67494063
-15.90839501
-17.71483334
-17.85831741
-16.76643988
-18.20729738
-18.03140512
-15.48400877
-13.56287854
-13.30170026
-13.37330099
-13.45401202
-12.04892453
-12.49791236
-13.02629217
-12.25309123
-9.985950397
-9.796282666
-11.36829036
-11.3792122
-9.595194244
-8.471782318
-8.307932237
-8.265567266
-15.85109326
-15.71333096
-16.29861056
-14.7162194
-12.78115025
-13.54407491
-11.64816805
-14.62210123
-15.69246289
-16.08730348
-15.11844934
-16.61302935
-16.12224693
-13.30788128
-11.59569687
-11.3236674
-11.49430007
-10.64695319
-10.72714382
-11.14175344
-10.64285876
-8.25289364
-7.94823986
-9.537897485
-9.641157656
-7.800979884
-6.872911572
-6.772386917
-6.918966435
-6.633611249
-14.45827161
-14.89999334
-13.48949035
-13.65804783
-11.49112411
-12.48050505
-13.31113019
-13.48417442
-10.56297489
-9.704805792
-13.58667604
-13.92749766
-14.47336602
-11.16593423
-9.676399264
-9.33331067
-9.938585544
-9.371432494
-9.870087587
-8.773762682
-6.689376038
-6.312834474
-7.907332978
-7.078238545
-6.194028973
-5.34681298
-5.529091878
-5.43664873
-5.547691722
-4.87868289
-12.56713247
-12.9173154
-12.3806539
-12.46693647
-11.47371505
-12.11834505
-11.77738896
-11.85936365
-9.705084299
-10.51883284
-8.909717459
-8.813806668
-11.49624741
-12.2119144
-9.124344606
-7.412590115
-7.007947223
-8.375232409
-8.388316871
-8.695408282
-7.248027277
-5.365716321
-8.107522388
-6.287804809
-4.503719094
-4.710945112
-4.760775509
-4.131987049
-4.342405545
-4.03580769
-5.169949515
-3.626225554
-3.401060347
-10.45206606
-11.49328634
-11.34058962
-11.04242627
-10.34577157
-10.2564511
-9.612928007
-9.404290906
-8.784089413
-8.200104416
-9.416233526
-9.030406526
-7.045904964
-5.575325672
-4.918862302
-7.125820639
-7.654212786
-5.898831582
-4.374464731
-7.357046585
-7.620375492
-3.619616135
-3.437986698
-3.116317604
-3.558429439
-3.212160584
-2.893233861
-2.576858567
-3.789882351
-2.301250439
-2.253630673
-9.011126808
-10.20198062
-10.01192159
-9.014015621
-8.679611477
-8.517738107
-8.054812722
-7.557731567
-8.025623785
-7.457197107
-5.033629632
-3.826689874
-6.097576952
-6.767063081
-4.939578058
-3.740911189
-7.032001944
-6.706134419
-6.079499569
-2.367172534
-2.277806955
-3.134674368
-2.705350035
-2.349467516
-1.747396223
-2.368860342
-1.20840779
-1.39908236
-1.263102953
-3.102000393
-7.074414625
-8.421267729
-7.568734403
-7.102209854
-7.677973218
-7.186909496
-6.710907954
-6.997637529
-7.352881162
-6.844315931
-5.407856832
-3.112501222
-2.211353378
-5.40214603
-4.40868022
-3.683646256
-6.540698216
-5.631995341
-6.196041817
-1.726940598
-2.530942545
-1.979184553
-1.183479144
-1.047483835
-0.3882664193
-0.6785382362
-0.4543037002
-2.694245575
-3.490925584
-6.523702397
-4.993816145
-5.527099381
-6.433650512
-6.288901451
-5.861511051
-5.080001714
-6.702971455
-6.137684502
-5.407616729
-3.412272015
-1.311860315
-0.7434251538
-5.033963318
-4.45000381
-4.183576406
-6.24724931
-6.144794415
-5.878086776
-5.491892292
-1.405524359
-1.883057351
-2.063996916
-0.8033937863
-0.1774727486
0.5728094624
0.4287975372
0.3189594284
0.2083911478
-3.341162372
-4.2911909
-6.144747068
-3.126789547
-3.95590244
-2.376867269
-4.753852973
-3.724209718
-5.427397185
-3.586063597
-4.484436091
-1.445204866
0.354377554
-5.676530941
-5.15836356
-5.077512314
-5.287891242
-5.871093464
-6.040576554
-5.884294103
-5.729529367
-1.297005523
-2.454274244
-1.400757307
-0.6131556067
0.1644808511
0.7194764338
1.769645457
1.386686718
1.046395736
-3.054693648
-4.228059694
-5.510537648
-4.751823487
-1.199620249
-0.764724743
-2.300775634
-3.610740476
-2.712724454
0.403598162
1.916532915
-5.266753669
-5.873639861
-6.455312207
-7.067763147
-5.724842727
-5.947368569
-6.225442643
-6.430793087
-1.626772658
-0.5415535051
0.3705598632
1.688909358
1.143695471
-1.980040326
2.900915204
2.271061134
-3.865751429
-5.434557798
-7.182031616
-4.093600984
-2.720101859
0.5856381138
0.8950238389
-0.563499543
-1.803301369
2.208038586
3.426458997
-4.930438884
-7.330091095
-8.664711496
-9.540429604
-5.703808437
-6.067115545
-6.954311363
-7.698974599
-0.6024248315
0.5504124844
1.537230155
2.164419409
-2.450764379
-0.7330276269
4.083270173
3.381338942
-4.909426078
-7.011674613
-9.389147291
-0.535400794
-3.452848845
-1.792757806
2.476477178
2.643506626
1.008077875
4.047493695
5.026997994
-4.656386274
-9.625721775
-12.92293103
-11.85886088
-5.83618498
-6.439882112
-9.637090987
-8.176804876
-3.048250818
0.7501522741
1.929439346
2.661286377
4.434438206
-0.9177785422
0.9159713577
5.456542255
-12.27869726
-3.76866551
-6.223886369
-9.041283105
2.688030253
0.8230904324
-2.812887936
-0.8096897079
4.47469665
4.534525873
6.083712411
6.973952081
-2.174214491
-4.484039207
-6.15782728
-12.94470168
-17.48357398
-16.28970687
-12.37401532
-7.563637761
-10.51767241
-1.182688815
2.419977492
3.422737349
5.585573726
3.022201582
1.154769437
7.172519173
-16.05674972
-12.37889192
-1.48067513
-4.69884298
-7.998145312
4.544877652
2.292413496
0.2197449609
6.692415212
6.654957585
8.576186503
9.532308081
1.397141384
-1.476790732
-4.436998865
-6.695554421
-23.70448964
-17.51417865
-22.39633511
-16.08198615
-8.953347937
-13.31849295
7.001016566
4.890615823
3.768617552
1.453725572
9.388123852
-10.23509968
-20.98902066
-16.95373768
-1.854727307
-5.857879473
-32.13811539
-27.4329439
6.673658807
3.986663973
9.40033388
9.143226267
11.84635937
12.89183772
5.929145914
2.72334709
-7.472131213
-0.8050378916
-4.471040189
-30.79498941
-23.72043556
-20.99363538
-16.55202015
-8.580723739
-10.84432507
8.418252087
6.223791597
4.698821041
1.854741941
12.27850618
-7.324275334
-12.99341957
-21.27079616
-2.324289843
-42.33061207
-43.55677199
-35.85616356
-26.62010191
9.163953128
12.88805604
12.18451762
16.29335492
17.48357774
8.226963341
4.241432745
-0.01754984381
-4.629154679
-32.15156825
-27.43267565
-4.950105832
-10.09931668
-20.64437713
-14.81436051
10.14600943
8.013499601
2.324311732
5.880986623
16.05653159
-2.913911758
-9.100407336
-18.50327461
2.890880136
-59.04369624
-58.20445294
-43.55711403
-46.85614618
-34.34733353
-22.20960433
12.17321242
16.02912431
17.49834342
23.70449296
22.39670486
10.26247594
6.039378479
0.835507261
-35.85588548
-26.62460332
-5.446414697
1.835214224
-12.09490687
-26.66263119
-18.6316201
13.14580206
10.23507218
7.324342297
20.98870589
16.96048714
-26.69331437
9.120858901
-3.632617239
-11.36031212
3.632576433
-80
-61.23668959
-80
-59.04360741
-46.85574567
-46.98664871
-14.1513656
27.43249839
16.89358552
20.98354775
23.73025308
32.15136331
30.79498436
12.63636744
8.140618244
-36.41385535
-26.72264493
10.62007677
2.995996099
-6.150794603
-14.66577072
13.00708576
21.86832394
16.50591358
-33.93657467
-17.62433906
11.34170225
-4.564571603
4.58305458
-80
-64.33990198
-80
-61.23674426
-46.98992133
-40.73168659
-5.733573346
35.8559195
28.24237959
21.25519349
27.43270118
43.56686144
32.160069
42.33061467
18.37751458
-32.92576097
-17.96849358
13.63502505
4.38114111
-7.105716257
21.01111955
-7.212466534
-21.94478562
14.1514172
5.748874981
-48.95134582
-80
-40.51259719
-80
-64.33974222
-27.34607753
25.19162107
7.201164101
46.85576228
38.55205122
26.6162576
59.04950184
35.8562337
58.20312398
43.56686834
23.47620099
-22.16637808
-8.367186282
17.26037801
6.01824421
-9.044637445
17.61086395
-56.7773377
-34.06640215
-80
-48.95046585
-27.45729302
-80
-11.35546662
9.044657494
30.24834027
21.94462944
61.23677506
80.00000309
50.87253936
34.34757278
80.00001174
46.85620281
59.04951132
30.23149005
-10.05910838
8.058373086
21.74017889
-34.11111731
-56.77721408
-12.18618542
-80
11.35546889
27.34613095
40.50830291
64.33990482
80.00000254
46.98690886
80.00002396
61.23672554
40.50890539
10.52126097
27.23975964
34.06640437
48.95134859
80.00000259
64.34002395
80.00004184
48.95207747
34.02088424
56.77733993
80.0000026
80.00005786
56.77741158
80.00000776
80.00001674
68.38863593
41.5013817
38.14211684
30.62737802
22.4131083
18.93244205
26.85604929
24.49446526
14.92247477
14.57666465
16.03072069
13.41438758
30.48251282
51.30819125
56.64527705
52.42436322
40.66698411
54.1115857
62.78824478
68.3886161
64.4756428
52.86428865
45.42010664
35.37276761
14.59881032
16.89619645
18.51037556
0.5710972946
0.8806512833
3.716955318
4.324248496
2.672461378
4.980455408
2.131835539
5.633971545
16.45975642
14.13456858
10.25830312
11.23572048
13.67364672
14.80957597
11.45651145
12.17991061
10.7191059
6.722242834
14.11621713
3.496033517
7.092708545
5.154280355
37.86347345
54.04645852
20.41386065
18.64245392
35.10151947
31.23778391
17.03797494
19.82945311
34.00810738
29.79653038
31.64461834
41.35619949
9.425090128
10.41775189
9.24883346
19.07960751
25.58196867
22.35994329
3.692139224
-1.5848751
8.318191946
8.973260852
19.50637694
22.53172635
25.05461041
28.93070828
32.29349759
20.93532457
-1.419647586
-2.272201177
2.074922811
-2.049264972
2.965740386
3.3711894
4.921125827
9.392050543
-2.270029085
-7.829548461
-8.787961432
-8.931846839
-7.865983448
-7.950569576
-7.198981034
-6.690624596
-5.246149455
-5.378096259
-7.16563213
-7.785348957
-4.444836028
-8.220374902
-9.094505781
-5.173502706
-14.9252523
-14.67029522
-16.31348393
-11.09334134
-10.44913748
-13.82157747
-13.72322956
-14.68237893
-14.08922571
-15.48444012
-15.08639462
-15.97481654
-16.01031658
-15.98736192
-11.51166626
-5.061047184
-5.853645453
-5.888278424
-6.189943662
-6.912387235
-6.541909349
-5.762155375
-6.373614375
-11.15604976
-12.6007712
-5.488893783
-6.096461989
-6.556617327
-16.86005225
-16.52326834
-16.18530066
-15.09298686
-15.0459823
-14.98053792
-16.02613485
-15.73551325
-15.43153907
-19.64784573
-19.33182694
-19.03311905
-18.74705431
-18.47201805
-17.49767656
-17.00405786
-16.54725544
-18.40066787
-18.39146627
-18.36779348
-18.32923083
-18.27562731
-19.63936546
-19.32461591
-19.02769098
-18.74316535
-18.4697508
-20
-20
-20
-20
-20
-19.60164779
-19.2491724
-18.92050088
-18.60961719
-18.31389023
26.59583824
27.94520545
19.8930619
-1.269626057
9.312599142
-19.68651802
-19.40567855
-19.13906087
-18.8826619
-18.63518246
-23.01205013
-19.77638992
-6.617848901
-5.822374187
-10.94714745
-10.80778714
-10.24494611
-9.477959007
-10.48826281
-9.985580713
-20
-20
-20
-20
-20
-19.67970833
-19.39862221
-19.1331798
-18.87829699
-18.63266419
-17.33675897
-17.21293525
-17.07607051
-16.92678503
-16.66243835
-16.54825067
-16.42629292
-19.73824863
-19.5011373
-19.2716711
-19.04641763
-18.82476068
-18.59341186
-18.5713151
-18.54048089
-18.50089479
-18.45269717
-18.20045996
-18.00695285
-17.81640635
-17.62935171
-18.03740849
-17.69617014
-17.37150756
-17.0620726
-17.16836675
-17.25462673
-17.33068341
-17.3951886
-17.13867353
-16.84544894
-16.56563871
-18.54972503
-18.57751763
-18.59703348
-18.60852682
-18.61186447
-18.35833191
-18.11814827
-17.88634093
-17.66235578
-6.037725748
-5.307076684
-6.992784179
-6.264445359
-7.022800838
-6.608768867
-5.716941022
-4.553931053
-3.873461606
-5.516483397
-4.362596435
-5.951407047
-7.836484885
-6.780650134
-5.161420876
-8.294420113
-9.229966667
-9.71811391
-7.970096573
-7.834570791
-11.96683197
-11.75168121
-11.31787476
-20
-20
-20
-20
-20
-19.70307744
-19.43456484
-19.18057678
-18.93704213
-18.70253222
-13.16799781
-12.66600729
-12.25227466
-12.26858663
-11.48282035
-10.71696369
-11.97829645
-12.10816547
-11.36495575
-10.63310716
-10.28284539
-10.50006651
-9.436642415
-8.337313997
-7.52705964
-15.14984121
-14.62698181
-14.14646062
-15.71011185
-15.13719811
-14.57250046
-16.10238919
-16.20278761
-16.26043413
-17.41829632
-17.020208
-16.6467236
-16.29430205
-15.09392625
-14.91756212
-14.67147751
-16.05568826
-15.78905943
-15.49794834
-10.99192608
-11.07914371
-11.18390992
-11.93168161
-11.79294826
-12.73463502
-12.6303103
-11.96760009
-12.25152339
-13.44530004
-13.10010276
-13.38897786
-12.94394305
-15.05217728
-14.87952803
-13.07950525
-13.33806555
-13.15426609
-12.80152045
-15.51017748
-15.11519788
-13.21972301
-12.82460308
-12.43407321
-12.46193846
-13.08399315
-12.71617379
-13.12131265
-12.80181046
-12.20807735
-11.86956419
-12.72742748
-12.07830903
-12.80360468
-12.54330944
-13.88236083
-13.43651877
-14.47772306
-13.74347865
-16.70613024
-16.79618696
-16.86632573
-16.91588962
-16.49407867
-16.04843296
-15.61486466
-16.80425046
-16.47525779
-16.16868115
-18.02579629
-17.74309324
-17.4681127
-17.20184421
-14.2675957
-13.89069939
-14.13855043
-14.4284604
-15.23644902
-15.26597344
-15.25284202
-16.43939706
-15.98021093
-15.56172169
-15.37947201
-15.56448496
-15.73345309
-15.44136415
-15.04128846
-16.71833795
-16.4558998
-16.17361375
-13.13736581
-12.79464199
-14.3348727
-13.98362825
-14.33841509
-14.01017361
-14.77579419
-14.74453964
-14.30304837
-13.91179064
-14.73287054
-14.74606313
-15.48860126
-15.05447767
-0.05272476628
-1.167550136
-18.56570193
-18.58070649
-18.58341591
-18.57351246
-18.55059186
-18.26464316
-18.00032783
-17.73004019
-17.45824167
-19.73038672
-19.4870813
-19.24789407
-19.0093942
-18.77231133
-20
-20
-20
-20
-20
-19.70179268
-19.43724866
-19.18972754
-18.95477005
-18.73055475
-18.23634592
-17.9519015
-17.68336494
-17.42931144
-17.22850306
-17.23767202
-17.2148339
-17.16011418
-16.74333591
-16.428856
-16.13167929
-18.20314583
-17.93252229
-17.66730825
-17.40882987
-17.15917508
-17.13844504
-17.09542355
-17.02919391
-16.94744042
-16.58882854
-16.24170619
-17.2117418
-17.25448677
-17.28577322
-17.30507931
-16.93740179
-16.57168046
-16.2193769
-20
-20
-20
-20
-20
-19.72165172
-19.47570518
-19.24451113
-19.02359274
-18.81131333
-18.19709285
-17.89429356
-17.6070135
-17.33411422
-19.72851027
-19.4814582
-19.23833749
-18.99590429
-18.75460827
-33.95261362
-19.70758378
-19.44657701
-19.20239783
-18.97070357
-18.74968773
-20
-20
-20
-20
-20
-9.171564733
-15.20987121
-44.73321202
-10.90143886
-45.20643622
-23.63083853
-24.03093371
-60.14019615
-5.772413534
-52.94969621
-54.04623932
-0.24414155
3.189043786
6.673439319
5.680669292
1.451522286
2.314617639
5.10875838
14.07196684
8.989228434
7.684898571
11.13996926
9.461001103
6.018900939
7.353846811
5.551088898
4.589348611
14.16752628
14.59248047
12.37089543
11.21332776
10.68823485
-0.1198109345
-0.444327746
11.15959991
10.6808611
0.2090919328
1.88256066
1.578524368
-3.116191295
-1.895589693
-0.2777793632
-1.057946997
0.8244784938
-4.514754448
-4.079440641
0.2570382243
1.811607299
-1.221134208
-1.636570136
-2.239664511
-3.202424645
-2.556367113
-2.979915327
0.1488596994
-0.586745296
-3.128373011
3.530665532
-1.204876809
-1.639477253
8.075269256
2.766802553
3.424673343
7.926079745
6.657267216
5.638639429
-4.285460766
-4.137711694
-2.188688788
-3.753525663
-2.703074664
-1.282536037
-5.293363258
-5.074673533
8.096504332
9.278930514
10.22081298
6.3846152
5.346462225
5.625032125
4.247295465
3.331378101
8.259408927
11.06923777
12.54522603
-3.510600168
-3.438788002
-1.354216235
-1.800675482
-6.124439857
-6.023285416
-4.523337332
-5.66933755
-2.774270783
-2.746517073
0.4370555006
-5.500814381
-4.253634507
-3.144681723
-3.787058875
-4.766109706
-4.588967966
-3.834055476
-2.469922244
-4.552120429
-5.636363976
-5.545349894
-5.402504148
-5.369703629
-2.85220903
-5.072419305
-2.998379759
-4.400440264
-3.4840377
-2.236470048
-4.766603336
-5.259719743
-5.303335787
-5.381497169
-5.61988777
-3.093928926
-3.082701945
-1.113354915
-11.56154073
-4.442561412
-2.472106077
-0.3999606554
-9.32680989
-12.39707448
-6.561057679
-7.544335756
-8.640135242
-7.51420105
-8.592569573
-7.030281803
-5.805084652
-5.845585781
-6.231997055
-5.460071428
-5.986972461
-5.99598803
-5.777533532
-5.876817722
-6.272459026
-6.062142195
-6.017906703
-5.967030208
-5.923306746
-5.923118735
-5.69559859
-6.060174642
-5.980964106
-6.860968785
-6.157312344
-6.42733592
-6.954182295
-6.714680216
-7.288544878
-6.303345753
-6.020408114
-5.752776762
-6.166190437
-5.983542288
-5.898133645
-5.93018593
-5.726644814
-5.523145312
-7.252659861
-6.756556415
-6.406218411
-6.770042668
-6.41818258
-6.597477164
-6.4148181
-5.807512803
-8.241212696
-7.965238699
-5.568519686
-69.10222297
-58.62407587
-20.59403094
-23.05842606
-50.88078454
-51.30035595
-29.79199817
-31.64416205
-25.57622317
-13.38008765
-16.61734677
-22.61779152
-26.68853288
-22.59299405
-31.51868739
-31.23833661
-27.0282392
-15.28530146
-13.44567542
-34.66802196
-34.00374219
-16.71107789
-17.67711393
-19.62633851
-20.81708084
-69.52181314
-69.52178647
-80
-19.70163907
-19.43560554
-19.18685401
-18.95100265
-18.72625639
-20
-20
-20
-20
-20
-58.6240295
-19.72363851
-19.47536113
-19.23175944
-18.98897663
-18.74818922
-18.24782895
-17.9971016
-17.75846003
-17.53067456
-18.54605651
-18.5687226
-18.57933029
-18.57777697
-18.56400968
-18.29739301
-18.05181851
-17.80464261
-17.55781347
-17.31036901
-17.29686639
-17.27159857
-17.23530966
-16.83339335
-16.50354029
-16.19600035
-80
-69.52184959
-29.78552964
-27.92130265
-36.13475193
-26.6476006
-31.53605195
-20.57717879
-16.31012461
-25.34462862
-20.0563624
-24.80975128
-31.2568183
-55.66502103
-54.11352998
-27.49107308
-36.71995544
-39.95506002
-22.28287067
-42.94386131
-8.863910772
-9.327321333
-6.630634057
-6.411334687
-18.53425508
-10.98704223
-14.21980976
-12.40080505
-14.60928559
-19.6975269
-19.43138623
-19.17940594
-18.93683248
-18.70253166
-18.48407886
-18.47837854
-18.45878942
-18.42493488
-18.37667437
-18.13766299
-17.81613981
-17.51094234
-17.22079705
-20
-20
-20
-20
-20
-19.62634911
-19.29582383
-18.98777311
-18.69659294
-18.41984113
-18.20376229
-18.24303495
-18.27363149
-18.29558605
-18.3090409
-17.93067878
-17.56882068
-17.22712176
-16.90381438
-17.80966456
-17.48168285
-17.17157822
-16.87712778
-16.57031082
-16.50875226
-16.40914684
-19.66158988
-19.36600223
-19.08690818
-18.81922208
-18.56173872
-3.975741459
-9.51686626
-8.968284461
-8.445532526
-8.37932038
-8.457837014
-8.398893975
-7.59571442
-7.629898668
-5.670979179
-5.059720673
-7.231888038
-6.539612415
-8.597609147
-7.905086895
-5.036059317
-4.69883949
-4.689540711
-4.763297465
-4.361429919
-4.593060211
-3.4463687
-3.653233288
-4.877435153
-5.225811669
-5.334846393
-5.150148987
-7.159819506
-7.902236746
-7.551655145
-6.110193996
-6.125451324
-6.577959842
-6.401461176
-6.238108224
-6.111941097
-6.004967163
-6.473775013
-9.067741859
-9.104429024
-8.642198195
-9.741669878
-9.274114464
-8.524909822
-8.836031184
-8.560828984
-5.685235196
-5.519403228
-6.053777267
-6.834301653
-7.44374252
-16.90178223
-19.95429936
-16.79285209
-19.8895145
-11.0131292
-9.70856915
-22.35454594
-24.21197926
-15.66891122
-18.59169305
-18.75567474
-12.03924164
-12.79102078
-13.59059169
-13.20227418
-11.41308914
-7.068357976
-9.880880408
-8.243329923
-11.89899097
-10.0847314
-9.700670175
-8.015137543
-20.51722873
-27.25771528
-27.9360233
-15.2239901
-12.64971277
-14.91222913
-20.61617699
-23.05042674
-26.59566495
-37.24108649
-37.85433985
-31.46655257
-36.56280153
-31.4732745
-50.26753193
-19.34285976
-16.88658129
-19.93997392
-33.99713939
-18.52288513
-18.97137917
-8.212341335
2.607595934
5.107611216
-4.091084656
-3.856303386
-5.278360975
-2.624668115
-5.960570632
-6.617627649
-16.50524361
-13.59441868
-14.97357862
-10.71007214
-10.18851865
-6.166398794
-6.811659282
-14.60643212
0.834130115
1.668109427
-1.050012217
-0.01396170604
1.969134689
-0.2004992194
7.342737435e-06
7.087742349
8.194550218
6.379041105
5.526577421
3.39549144
7.118657126
6.356160522
5.46131554
3.51684305
0.09252754908
1.24077444
-0.5610473939
-0.08734504706
-0.9705385997
-0.5632997776
-0.02670594011
0.6537269766
1.340170378
-1.113959354
0.4685973613
1.044282682
1.0480462
1.351439258
1.852612264
2.064534167
1.937166431
2.582301568
2.859821595
5.238795245
6.293947098
4.504144735
3.92912301
4.945645172
3.915029616
2.676339596
3.796090859
4.553030026
-1.708126632
0.9507112509
-0.764731321
-0.7113525464
-0.498352137
-0.224580665
0.7188452628
1.209247118
1.39356828
1.977583865
-0.08704418995
-1.423100231
-0.9134130936
-1.799051132
-1.340604151
-1.767475257
-2.292009806
-2.793715623
-2.111959325
0.2783941271
-0.4659834134
0.3491409891
-1.027360198
-0.1976746306
1.219791727
1.170765017
1.836344074
4.263017389
2.727213438
-2.657478286
-1.77172408
-3.312751826
-3.260071653
-3.865048029
-1.948054188
-1.675907043
-1.894844621
-3.070131745
-2.824853338
-2.875697222
-0.106632712
-2.576235379
-2.291633222
-1.323030859
-1.724155253
-1.460038507
-5.723861626
-5.875967011
-6.732318376
-7.535352029
-8.361458039
-9.464013005
-2.373050858
-1.587927282
-1.639874432
-2.314283297
-2.032390981
-2.584218389
-2.588295873
-2.997918142
-3.426541341
-2.328237719
-2.196782111
-1.850451236
-1.688580153
-4.699595873
-3.817967336
-4.246923119
-3.361053085
-2.864001196
-7.867695626
-9.092239213
-10.25201623
-1.982954961
-2.749003162
-1.731266086
-3.09639794
-3.387986978
-2.243434262
-1.923667725
-14.16771525
-14.21782067
-8.519699353
-7.632586244
-5.46135354
-4.996276413
-5.566537999
-9.215095128
-8.20042845
-3.273264499
-5.119093546
-6.007159547
-6.366512288
-80
-37.33413063
-31.33823611
-45.20645934
-27.24974094
-72.16995099
-70.61834488
-27.94068015
-55.66327535
-52.53579431
-34.03888207
-43.8591677
-44.84151621
-38.14871167
-70.61834494
-69.52184816
-60.14019378
-50.88061245
-37.23436311
-42.94369162
-80
-8.959214813
-8.360998196
-7.390725934
-7.258042258
-6.504699869
-19.5595145
-19.1713574
-18.81076265
-18.47085283
-18.14853445
-19.62630527
-19.27668966
-18.92273228
-18.56283432
-18.20112624
-20
-20
-20
-20
-20
-17.32772769
-16.88595058
-16.4734462
-16.08669652
-17.83311616
-17.8539133
-17.86495035
-17.86645856
-17.8586203
-17.38736971
-16.94764976
-16.52423507
-16.11570108
-19.54819973
-19.15315801
-18.78652555
-18.44106295
-18.1136467
-11.6789562
-15.88785233
-41.50887398
-14.57862608
-15.49471153
-19.35077208
-6.071487917
-6.775498197
-11.65028875
-11.11695576
-9.618332528
-16.77016303
-14.88113399
-15.20315686
-6.348493912
-6.928012416
-12.32878451
-11.61425963
-11.30699581
-14.66631481
-1.684131907
-12.38907415
-14.07215484
-10.70010868
-10.7167552
-9.144594731
-9.358631253
-8.802731726
-10.06942423
-9.958834338
-11.14965352
-10.62145695
-11.77760915
-10.89615272
-8.573647667
-7.686956213
-10.31647795
-9.427592309
-8.614064602
-7.851215353
-5.431597785
-4.861160306
-2.456024956
-3.045251208
-4.104714155
-3.90338669
-4.496443406
-7.386663703
-6.030220576
-5.506169278
-9.04052613
-6.168633929
-11.13389321
-10.52763219
-9.489257814
-8.980300527
-9.484149431
-8.860551617
-3.569698935
-5.460459196
-4.796061556
-4.682580992
-6.067431034
-7.627830822
-4.208551277
-4.816632464
-3.218270249
-4.376366902
-3.971491844
-2.799034455
-2.118404344
-2.931131294
-3.284607987
-7.071084804
-5.539799055
-6.275181662
-7.016421079
-5.710528916
-5.460689934
-68.38866885
-80
-45.42186993
-52.86434176
-68.38866885
-64.47567292
-30.70623984
-22.71093438
-9.942469474
-11.23549568
-9.622525296
-11.27010633
-6.043544559
-8.449425432
-6.896610975
-7.948855908
-4.830654163
-5.046237078
-4.791780909
-5.381806455
-7.095889583
-6.308442305
-3.774627696
-2.747213195
-2.338573255
-2.040222655
-6.15970915
-4.640711867
-5.129556588
-6.290156945
-7.119891992
-11.23044348
-7.111001035
-0.08797284744
0.008360814674
-2.213519735
-1.591663999
-0.8243595343
-0.0009368166877
-10.83377234
-10.65999068
-8.026321692
-4.338916425
-3.679677421
-3.978854466
-3.457586794
-2.517463213
-4.827363551
-6.341531046
-3.641842142
-4.042332343
-4.650212805
-5.170952032
-2.921867214
-3.158354906
-3.185646186
-8.297720267
0.1187332046
0.01271775144
-1.798221781
-1.290273275
-0.6642356194
-3.398507953
-3.510006827
-3.877485618
-2.695137778
-2.899368494
-2.978526085
-4.888112572
-4.105009885
-3.963488522
-13.57663071
-13.63307779
-14.21105304
-13.83552039
-15.85372051
-15.83279831
-15.78600482
-15.25644511
-14.83942337
-16.71551932
-16.36840117
-16.03441467
-14.61031251
-14.55593572
-14.04398604
-13.66284688
-15.86260109
-16.0104805
-16.15613116
-15.91188385
-15.55243757
-15.21631738
-16.9260716
-16.74327478
-16.53245989
-16.3127142
-15.88871404
-15.49168523
-12.35414186
-12.11353891
-13.23002414
-12.92188185
-14.16389192
-13.72676918
-11.82184889
-11.9378212
-12.5179931
-12.51421479
-13.61260445
-13.65079017
-13.25967807
-12.8634718
-15.93279934
-15.93263319
-15.90522257
-15.40272069
-14.99439771
-9.222887329
-8.245023972
-7.927483154
-8.040013145
-11.33140198
-10.95111092
-9.633802625
-9.978025254
-10.10128641
-8.898037477
-9.274958715
-9.227776692
-10.00560451
-10.31939364
-11.63891471
-8.120943256
-12.6683121
-12.76209321
-12.20451907
-12.35384568
-12.30976039
-12.55420961
-12.36273969
-11.98656728
-11.75297742
-11.44816162
-9.580227699
-10.13896255
-10.73201481
-11.11128034
-10.63744701
-10.14561093
-11.40846875
-11.28957337
-10.57284905
-9.07995306
-11.99292252
-11.54429293
-10.64949108
-12.14323073
-11.34873477
-14.67909399
-14.22792451
-13.80843716
-13.68796786
-11.01722437
-10.96018549
-11.95142151
-11.9713275
-13.4732326
-13.41343591
-13.01051437
-12.69631222
-11.41189083
-12.3647299
-12.27752103
-11.96179335
-11.54362316
-11.56288382
-12.09559266
-8.372867612
-10.1163674
-10.03320009
-10.57567954
-10.48902586
-11.26057832
-10.71104965
-11.89909532
-8.697291763
-8.292285613
-2.975341526
-4.282761123
-6.546553677
-1.548579399
-1.522532854
-6.312525453
-6.372814604
-6.176126022
-7.528616031
-7.09608335
-6.736833872
-7.513479469
-7.831882187
-7.657656815
-7.171634885
-6.461337004
-6.654648293
-6.39910802
-7.203454369
-7.00119325
-6.482143393
-5.753705486
-5.356579472
-5.026312611
-4.025685593
-6.399835018
-4.567766521
-5.333568982
-5.548531673
-5.445533774
-5.468728011
-5.750528396
-5.69287537
-6.027798055
-5.943122728
-5.998004285
-5.931813688
-5.299181712
-5.293156096
-5.984194461
-5.702023867
-6.784706018
-7.057747591
-7.533533212
-7.157204967
-8.177479361
-5.97581015
-5.818022811
-9.707305527
-8.913812201
-8.528788353
-6.789820835
-6.912373534
-7.297273229
-6.993212705
-7.710395771
-8.449206405
-8.522792019
-7.307860585
-7.627494367
-7.855214101
-7.85061918
-9.94671814
-9.145643769
-13.83806292
-13.93595687
-13.99769927
-13.37120274
-12.76262798
-10.05448976
-10.0491882
-9.445526384
-8.881174115
-13.00971589
-12.38246403
-13.72990902
-13.74998705
-13.73978953
-12.19803783
-11.62793184
-10.79257676
-10.46657395
-12.69616728
-11.84429895
-11.37139893
-11.61091794
-11.16676433
-10.55790189
-9.237963438
-8.730011894
-8.18934494
-8.084818411
-12.80720851
-12.23564717
-11.67323258
-11.5975075
-7.021580922
-6.247704146
-7.926585002
-7.680685603
-6.485102516
-12.45920036
-11.95097204
-11.26718014
-10.97795748
-15.38381493
-14.80888008
-14.2461099
-15.83794421
-15.91596174
-15.95593999
-15.20325976
-14.68467844
-14.17419349
-15.72696772
-15.75775728
-15.76650234
-15.7545484
-17.75047978
-17.35973862
-16.98477235
-16.62422874
-18.05885643
-18.11120747
-18.14669446
-18.16554575
-18.16828464
-17.55558414
-17.13463374
-16.72872823
-16.33781145
-17.91001435
-17.9605167
-17.99333982
-18.00871645
-18.00714579
-19.59292524
-19.23094505
-18.89454181
-18.57730251
-18.27626526
-19.63944952
-19.32331263
-19.01923744
-18.72260632
-18.43433453
-20
-20
-20
-20
-20
-19.66806082
-19.37050066
-19.08953859
-18.82074926
-18.56256668
-18.54549044
-18.58898765
-18.60668039
-18.59878935
-18.56652984
-18.22851277
-17.95026414
-17.67869907
-17.41444864
-13.36653336
-12.77885236
-15.41059408
-14.90951205
-14.44959694
-14.14248456
-14.23840692
-14.31246008
-13.59017507
-12.88832029
-15.74019224
-15.2454881
-14.78858597
-17.60759228
-17.24641778
-16.90580766
-16.58390118
-16.20734558
-15.84611848
-15.51033705
-13.35271099
-13.21030206
-14.55337476
-13.97569326
-20
-20
-20
-20
-20
-19.53675446
-19.12645873
-18.74232155
-18.37745126
-18.02910467
-18.03972246
-18.39609434
-18.76451752
-19.14586446
-19.54632715
-17.40873904
-16.93162103
-16.48580099
-16.06753465
-19.50385028
-19.06588436
-18.65976795
-18.2773639
-17.91498142
-17.61011435
-17.63375704
-17.64069122
-17.63067796
-17.60369753
-17.22419872
-16.77924226
-16.35884732
-15.9607458
-17.10082232
-16.65494871
-16.23158747
-15.82898992
1.135262464e-06
44.72982575
52.42410393
45.69042108
57.60622216
72.16995384
44.71229533
33.92721692
24.64538019
-72.16995101
-10.70157182
-10.33209858
-10.08346907
-10.13374265
-11.01542458
-10.37980944
-13.01137958
-12.38641708
-12.44898443
-12.08231768
-13.31339238
-13.17069542
-12.99694969
-15.31843848
-14.94850649
-14.57058725
-13.81465413
-13.45922365
-13.12198699
-15.20889794
-14.85240109
-14.51330838
-14.03035788
-13.84730715
-13.64382083
-12.73488495
-12.08716383
-15.11467704
-14.59909061
-14.12144621
-15.59474154
-15.58718583
-15.55947584
-15.51217379
-17.13994616
-16.72566002
-16.32809713
-15.94730625
-13.4848809
-13.27428821
-13.04492969
-14.10604266
-13.98887374
-13.84384718
-15.7047394
-15.71169777
-15.69413227
-15.65123204
-17.26943978
-16.85030928
-16.44335537
-16.05082533
-17.36737842
-16.93261748
-16.50338095
-16.08296932
-17.92694612
-17.92160885
-17.9059892
-17.88050876
-17.84574613
-20
-20
-20
-20
-20
-19.59660754
-19.23480174
-18.89010229
-18.55714814
-18.2344856
-19.59062897
-19.21827762
-18.8551197
-18.49752677
-18.14614272
-20
-20
-20
-20
-20
-0.9217366703
1.002597303e-05
-10.20005203
-1.155404562
18.19539422
-17.70182689
-17.69720001
-17.68177268
-17.65549038
-17.61841149
-17.91459087
-17.89523153
-17.8636246
-17.81965728
-17.76345245
-19.58190116
-19.21476113
-18.86991902
-18.54071946
-18.22496238
-7.885866585
-7.921245627
-8.903365492
-8.327015675
-10.70692011
-10.09868554
-11.4127645
-11.41625565
-12.63995918
-11.99118916
-10.79837377
-10.17139788
-9.763845217
-9.696734938
-10.87758271
-10.31598341
-15.00602259
-14.45279501
-13.92537771
-7.930693212
-7.883410492
-8.992799142
-8.446032969
-9.613337851
-9.594443551
-10.73584245
-10.14456592
-9.137551738
-8.521517595
37.20398523
19.77774669
34.40019556
40.56043973
70.61838864
80.00000262
60.14313547
70.61838782
0.5921516894
-62.78829592
-56.64562391
-20.42233999
-24.45145935
-18.18048497
-24.41485312
-30.52032396
-25.78045687
-30.31494452
-22.15882671
-40.66699113
-19.78456234
-24.64543158
-18.19535749
-12.4184028
-37.84744377
-39.70646782
-35.10174856
-46.92139763
-36.83998157
-40.46161173
-19.11226692
19.35079992
10.20006319
52.86434426
27.83743903
19.18711876
22.37414658
15.88114057
26.71700031
31.87183601
32.04914952
33.39721534
56.05465672
65.43627076
45.21131048
52.95262973
45.42187212
-20
-20
-20
-20
-20
-19.54717913
-19.13753277
-18.73576847
-18.3373979
-17.94434913
-17.10837766
-16.64980316
-16.20488067
-15.77519936
-15.39649551
-15.41246051
-15.40781469
-15.38319763
-14.87930207
-14.3386521
-13.82508142
-14.80845057
-14.28745365
-13.79804532
-13.41605346
-13.43726317
-13.39931434
-19.50260324
-19.06297224
-18.65509607
-18.27079204
-17.90638001
-17.60546645
-17.63464969
-17.64649193
-17.640914
-17.61812885
-12.63668926
-11.979496
-8.978970009
-8.432738947
-10.9088114
-10.25554427
-9.694644789
-9.706443386
-10.72249129
-10.10908305
-9.608164129
-9.64252791
-10.77200159
-10.21923684
-9.601169053
-9.48377638
-9.008546389
-8.434136957
-9.079128573
-8.483292384
-7.626241571
-7.325425276
-8.653497503
-7.774615072
-8.504922258
-7.732373612
-4.441821614
-7.256488108
-5.86613532
-4.051758332
-5.069187486
-6.017610604
-4.982725381
-5.461674758
-4.626702125
-8.534496487
-7.962242097
-7.258705769
-12.60015689
-11.96254803
-11.50215839
-11.57502824
-12.62189095
-11.94215701
-14.94605076
-14.41026999
-13.88410114
-13.40369944
-13.40155602
-13.36912872
-17.06942943
-16.60683264
-16.16962352
-15.7552816
-17.17909768
-16.75424537
-16.35284951
-15.97251291
-17.23926179
-16.78879007
-16.34497163
-15.91107933
-15.53307753
-15.5536318
-15.55152696
-15.52802324
-19.56777517
-19.18702176
-18.82836484
-18.48506195
-18.15494214
-20
-20
-20
-20
-20
-19.53776085
-19.12764644
-18.73563243
-18.35560724
-17.9869647
-20
-20
-20
-20
-20
-14.88723308
-14.36623781
-13.87973232
-13.44185007
-13.43394971
-13.3987462
3.183120954
2.239355574
2.772673582
1.417160363
1.655475524
2.419515925
2.176593231
2.921746208
4.158452621
3.046066796
3.655709835
3.733327452
4.421333614
2.721603009
3.956386585
6.319161126
3.54875746
3.022660678
8.281468813
51.30818147
58.62630751
27.24974587
24.62674956
23.10137031
26.09648483
31.22646617
35.37832158
39.71138977
34.00364179
21.42851493
12.58521349
14.88104356
22.71093663
8.122910797
15.49464347
30.70626766
41.50887647
38.14873976
6.475019541
12.40601403
-17.10612594
-16.66682032
-16.24322407
-15.83611537
-15.47048592
-15.47499478
-15.45799221
-15.42013049
50.26686946
50.88498489
6.556827113
7.773498836
1.594787102
3.727609378
2.890996064
0.4527872771
-0.3709704494
2.045290546
1.24514819
-10.71825144
-9.913689013
-9.305207154
-9.401797811
-8.002281134
-9.736719378
-9.058999534
-2.803963771
-1.256634779
-0.9435901048
-3.008258617
-2.389294405
-1.717401295
-1.734593408
-2.126232942
-0.02349343989
0.454855381
-2.296796413
-1.420053409
-0.3996576372
-0.4389708907
-2.788123215
-2.32056232
69.52474758
42.94873684
37.85911241
31.64420891
54.04626892
69.5247531
79.99999975
41.35584084
42.70390623
49.89441232
9.950146089
11.67986947
-8.12855199
14.57289677
0.7337953789
72.16995371
80.00000256
64.47567569
56.64562679
68.38867126
80.00000258
68.38867126
-80
-68.38877461
-68.3887444
-52.86429791
-41.35586152
-39.70651063
-41.51597616
-45.42337199
-72.17002403
-72.16987828
-80
-4.057687501
-3.438471495
-3.998172816
-4.753925873
-5.394028852
-5.938337591
-5.148553216
-3.855013959
-4.321064691
-6.052270049
-5.713345112
-6.67206172
-2.924872283
0.01935929008
-0.6822124049
-0.07561089095
-0.2133697971
-0.9111958741
-1.581424305
-0.06666556666
-0.4231033811
-0.002591422455
-0.8188441308
-1.2453087
-1.647033101
-0.8145091885
1.668662944
1.212904274
0.4924640963
0.8850639684
0.4894336176
0.9483525491
2.099570331
2.370875767
1.204577877
7.962378413
9.367235888
15.19883795
7.593195846
8.688996675
0.7522947935
1.224240666
7.941004252
5.352699739
4.595821319
7.957772012
9.148455389
3.159243349
8.352198135
7.078209336
9.064277851
10.68885218
4.782458378
16.76992648
20.61510178
14.87256875
19.34519451
17.58126837
19.67151913
21.4012425
23.92960209
27.71998066
29.79193138
25.56849618
12.74655972
14.98378645
17.43770485
12.81338624
24.65041119
25.05535176
24.21060217
22.34659975
27.92792781
31.47318128
20.59403622
23.05059834
9.079755894
10.57965082
16.7700537
19.8805127
6.602664462
13.10127277
11.21225969
5.945793868
5.557315992
9.124285904
8.90327265
10.3483822
15.18780209
18.52261881
16.88852767
19.94013237
5.01182075
5.16596478
7.48713934
6.376717667
-10.23035973
-7.49646468
-7.962441862
-0.3708685516
-2.040296682e-05
4.107815507
-2.6191008
-0.01151581117
-0.9944901355
-0.5708771989
-0.9593842631
-0.3915235655
0.01346409105
-0.6838417144
0.02001412071
0.441910259
-0.005651214986
-6.47301994
-4.098594421
-16.78495823
-20.35643947
-30.48371772
-28.27846894
-14.93179336
-13.80184097
-10.15884745
-11.04691345
-40.60173996
-41.3561549
-51.30023414
-52.94992199
-54.04641784
-54.11166933
-12.75583886
-9.357968603
-5.149072474
0.007650818323
-0.4659975847
0.009241488858
-19.88061992
-22.3467555
-25.56871726
-22.56168826
-23.94544903
-19.88703538
-17.13210787
-21.12990842
-31.64455374
-31.23813274
-8.046489574
-9.11662251
-8.779687505
-24.2109823
-24.35187005
-27.02652293
-15.74834709
7.041106596
39.71149317
45.21148543
6.218988134
6.761864876
15.4499892
2.427011005
-1.779351157
18.95249722
21.12054653
24.34976512
27.02469903
23.9384027
-1.989209033
-2.358417379
24.2093719
15.53771257
5.550601139
6.250649089
14.55191989
7.334435381
8.174481742
-2.223822335
-2.482599977
1.671051447
2.027065911
7.097725161
-6.646594927
-4.780001807
-6.845169665
-7.554141116
-1.379633962
3.625694217
-0.3666778321
-1.143286869
-2.300803544
-3.612318063
1.827581687
1.149842352
-0.09032818444
0.7098883528
1.714018844
2.534704266
0.1675857336
-2.724486523
1.134935263
1.74445479
2.911009752
5.629457031
3.612400033
4.490591428
-0.4870258338
-0.03120098732
3.636111265
4.517516194
3.644986953
79.99998705
69.10156385
69.5247482
50.88498885
36.56279994
37.24098973
70.61836819
40.60168977
46.92122726
38.61731002
43.74664288
55.6632256
44.72885776
23.83133815
26.02156019
70.61833767
69.52475678
60.14307608
52.95280155
58.62630277
37.24534364
42.94873499
79.99996983
-20
-20
-20
-20
-20
-19.53412437
-19.1234837
-18.74183251
-18.38186068
-18.04027352
-19.50855892
-19.07361329
-18.66905868
-18.28698018
-17.92394154
-20
-20
-20
-20
-20
-19.53877741
-19.12561056
-18.72587209
-18.33412175
-17.95091358
-14.89896986
-14.35288129
-13.84594265
-17.30280033
-16.80486969
-16.33909114
-15.90164303
-17.18958448
-16.72170515
-16.28378602
-15.87221485
-19.56767187
-19.17545801
-18.79377802
-18.41866259
-18.05065324
-17.72020355
-17.73900346
-17.74766043
-17.74638715
-17.73534961
-7.448352369
-14.77248005
-14.24756033
-13.75872909
-14.84285505
-14.31860283
-13.80250346
-17.66335703
-17.6799154
-17.67984358
-17.66275503
-17.62862477
-17.07362727
-16.60045042
-16.1554145
-15.73555079
-11.48738598
-11.4494178
-12.66907313
-12.05146926
-6.424313562
-4.441955803
-3.488278059
-1.407884507
-4.213940209
-3.322868488
-2.947233495
-2.340280836
1.380302558
-4.286762104
-3.580734016
-1.810553305
-1.018374317
-5.123718073
-4.139082798
-5.541138554
0.1042434189
-3.511095484
-2.375491178
-7.233378955
-8.067363841
-7.48881167
-6.711125633
-8.503572448
-9.276386743
-8.767536717
-9.841792586
-9.166873593
-9.298963407
-11.45798943
-8.609120329
-9.487104054
-10.8078024
-10.28704791
-11.12491428
-10.70751548
-14.62130683
-14.770642
-14.14974629
-13.49540488
-12.88994201
-12.35150411
-12.40055778
-11.92721548
-9.66018976
-8.867961437
-3.988982868
-7.122784444
-7.887766317
-7.345224658
-8.324978352
-2.493898284
-2.089553747
-3.11645937
-3.076179544
-10.6945891
-10.17529726
-6.260570215
-6.025892956
-9.260392736
-8.798677339
-7.97338185
-7.850361301
-7.117029504
-9.079602674
-8.352012461
-7.593443355
-7.881378408
-9.550119599
-8.927370857
-3.325202868
-4.230084035
-5.348476748
-6.294248116
-6.198330302
-5.277854126
-8.626239135
-7.992776057
-17.03561591
-17.31489085
-17.60401045
-17.90207665
-17.85237376
-17.51758325
-17.20073011
-16.89980724
-18.20007204
-18.18432244
-18.15970054
-18.12602812
-18.0831725
-17.73409646
-17.44277912
-17.15841414
-16.88141751
-16.52124792
-16.40810264
-16.27463446
-15.66455179
-15.2392591
-14.8429137
-10.59161884
-9.931978994
-17.83910451
-17.82993434
-17.81006476
-17.77990487
-17.74002743
-19.57846804
-19.20121325
-18.84245393
-18.49645251
-18.16157069
-19.52231632
-19.09981327
-18.70471243
-18.32981939
-17.97225868
-17.69572235
-17.7488867
-17.7897991
-17.81809496
-17.83359669
-7.03925406
-9.291580365
-9.221129549
-10.55161848
-9.935766607
-10.75225715
-10.17498536
-10.89590272
-10.25959334
-12.78454134
-12.18641375
-11.55912747
-11.46577664
-11.32124992
-11.26640951
-12.63940914
-11.97265726
-12.74119063
-12.16517769
-13.53793428
-13.48434946
-13.40402336
-12.84547095
-12.19306537
-14.99806548
-14.50924109
-14.02941938
-13.55849373
-13.52397565
-13.46164334
-7.494224825
-6.678801754
-6.936947622
-6.625250856
-6.282056505
-3.639270341
-4.217574531
-20
-20
-20
-20
-20
-19.52691516
-19.11263709
-18.727588
-18.36425313
-18.01941025
-17.23597979
-16.7728941
-16.32721224
-15.89736522
-15.59350707
-15.66483848
-15.69684852
-19.56663002
-19.18118458
-18.82284422
-18.48477363
-18.16387176
-17.93035949
-17.98492513
-18.02189737
-18.04158124
-18.04452159
-17.26223284
-16.83545464
-16.4337681
-16.05340998
-17.64427654
-17.25262975
-16.86082082
-16.47109113
-16.12843851
-16.14716605
-16.14459738
-17.39483048
-16.9457966
-16.51334431
-16.09520608
-15.82412618
-15.93471256
-16.02254045
-15.09801405
-14.553914
-14.05203795
-3.535465899
-4.193640133
-4.824416612
-5.49613955
-4.687428656
-2.764066218
-3.729400609
-2.902714751
-2.538370865
-3.860220522
-3.37761679
-4.258803172
-3.847156281
-3.881872908
-3.401279336
-3.090039334
-3.06812341
-3.563312184
-1.957973403
-2.411681151
-2.022754815
-5.559944646
-5.020155151
-4.020311345
-4.972602273
-4.33473755
-4.6821643
-7.466193606
-6.865724456
-6.140991926
-7.524077764
-6.778260838
-6.922857027
-6.193562886
-6.141166843
-5.942077829
-4.785165192
-1.985180605
-1.586511094
-4.688881779
-4.261423778
3.261728284
16.50850948
14.60116693
15.05314461
11.64590716
11.69043712
13.59777967
6.947243112
8.058029405
11.62107897
10.23128057
18.75851656
14.75649967
13.92380791
16.1764109
18.97459653
19.41440555
4.824327014
-0.2347739204
1.094519677e-05
0.2832951469
10.83346166
19.94876871
23.06360781
10.64961846
12.36827344
-0.1629274061
-0.01347467183
-1.66769998
1.654235148
5.259100557
6.214189078
1.585389392
-1.356231264
-1.330209083
-1.00277662
-1.502752953
-1.081914462
-0.3725732375
-0.2287328716
-1.042475357
-0.9555193673
0.2834878411
0.7573899012
0.6587271236
-1.106632305
-1.283143882
-1.145360245
-1.727191329
-2.310853432
-3.046987927
-2.884070446
-3.028214936
-5.268231696
-4.379645501
0.955903358
2.484527018
3.160488431
0.2672959942
0.63225781
1.859806268
1.57187148
0.8598176922
0.3713362313
2.296897706
1.738586267
-2.570533133
-2.261456642
-1.529079605
-2.644850319
-4.239862964
-4.086145923
-3.839858644
-4.19641519
-3.642664795
1.035576323
-1.331654942
2.088513891
2.461697352
3.276781631
3.867864291
4.23372548
8.184906626
7.321023644
9.282147059
6.612557466
4.996203134
4.329737942
5.289904095
1.30427084
4.102649179
2.08952686
3.076273738
2.61117394
-2.089508558
8.77970724
10.16571403
8.222600599
11.06397233
7.709756929
-4.233747787
-2.115439725
-8.284450442
-3.408375588
-2.475669962
-4.86986906
-5.468207952
-6.222103507
-4.386845618
6.005869519
-3.089758783
-3.276785008
-4.824282588
-6.591077402
-18.33685884
-18.1357194
-17.91786559
-17.68702963
-16.76112235
-16.74349767
-16.71314369
-16.66970089
-20
-20
-20
-20
-20
-19.61586341
-19.27860815
-18.95396587
-18.63712054
-18.32912872
-17.78406976
-17.83484057
-17.86721678
-17.88142962
-17.87806871
-19.6025705
-19.23149781
-18.85651327
-18.47587496
-18.09389125
-15.47228949
-14.91291651
-14.40008552
-17.15097283
-16.67856958
-16.21722799
-15.76975407
-15.04216673
-14.51453369
-14.02298984
-15.61905071
-15.61040672
-15.58539792
-15.54491412
-17.38283043
-16.92761177
-16.47816764
-16.03836583
-15.58686325
-15.54680047
-15.49148375
-15.42135526
-14.89674697
-14.44746932
-14.00095579
-8.223030531
-7.350258203
-12.51669061
-11.8072793
-12.76159158
-11.94682115
-11.33890637
-11.44746705
-10.41715751
-9.741151708
-15.46082115
-15.82353697
-16.20773866
-16.0208635
-15.46884423
-14.95391074
-15.540775
-14.9790254
-14.44052657
-14.11759749
-14.27281286
-14.39067697
-12.81305805
-12.12098144
-13.30240918
-12.73409521
-11.20649976
-10.27354102
-11.46047357
-10.98432844
-10.44847539
-10.38043995
-13.81686956
-14.15102343
-13.77325191
-13.14186006
-15.41394762
-14.77118124
-14.16171198
-13.70448098
-13.80068901
-13.87480371
-14.87077944
-14.30865084
-13.78955773
-15.08281386
-14.47564127
-13.88138226
-13.43233402
-13.52007222
-13.57074347
-17.46136749
-17.08930313
-16.73729791
-16.40392051
27.26276137
31.47754604
-4.324334297
-9.688580143
-12.48966432
-12.37170073
-11.57177118
-10.98676141
-13.71535054
-12.95405359
-10.72712638
-10.03980808
-8.211827469
-10.19345864
-9.848782812
-9.249796999
-8.359314317
-5.957333026
-6.34653087
-3.992019754
-6.302154271
-5.260300013
-2.288690054
-1.373028094
-5.833484933
-4.921731011
-6.154957659
-7.392511251
-4.78887027
-6.114496128
-5.276256986
-7.016199264
-7.355549407
-4.690883296
-5.908270246
-13.06818614
-12.25561153
-11.7718545
-12.01236775
-13.93211821
-13.41655116
-15.39040855
-14.92129699
-9.411979861
-12.66294424
-12.392829
-13.24451382
-13.11294437
-11.27257413
-10.74123633
-11.77352694
-11.64687644
-12.62587602
-12.26874455
-13.33065624
-13.13694815
-14.46152703
-13.98267726
-15.51997044
-15.3194964
-15.11244615
-14.52306525
-13.98059605
-15.00459613
-14.85757656
-14.67957632
-11.79537711
-11.09366513
-12.88427544
-12.4879408
33.90659985
31.20082379
72.16992518
79.99995193
72.16997763
17.73885944
-9.165601616
-10.40578946
12.12451684
1.347673465
4.456566758
-6.593980308
5.235467177
-12.49167891
-7.731322784
-0.7750720137
10.8456479
11.65171453
13.95098309
-64.47574292
-56.64608158
-62.78840092
-31.55454249
-29.82302083
-43.75296742
-52.42676993
-46.92305097
-70.61833119
-80
-70.61842033
-41.70212957
-41.63450777
-13.17013826
-38.15750184
-30.78714774
-16.06473997
-18.64963582
-11.11400267
-13.43353881
-14.64732823
-15.54082072
-16.52992322
-16.21856195
-16.22179366
-15.65370907
-15.37920237
-15.30630867
-19.37805072
-19.08705642
-18.80684995
-18.53659464
-19.11991182
-18.84834108
-18.58477707
-18.8717993
-18.61651321
-18.63225028
-16.83798875
-17.16435662
-16.70374343
-18.03143371
-18.00716891
-17.96411545
-17.68201196
-17.65139468
-17.35060783
-19.66500281
-19.67025049
-19.66792817
-19.6585233
-19.34648099
-19.34941229
-19.34219425
-19.04209261
-19.0401916
-18.75016955
-18.45807696
-18.72594029
-19.00422346
-19.29467996
-18.43683094
-18.69819199
-18.96881876
-18.40579912
-18.65950588
-18.36481093
-18.68912294
-18.73386052
-18.76915139
-18.79492194
-18.93339411
-18.97393601
-19.00395711
-19.18610186
-19.22133419
-19.44837296
-18.88530756
-19.14725176
-19.41916929
-19.70248907
-19.14521517
-19.42182531
-19.70744043
-19.41509406
-19.7055108
-19.69712865
-16.7057069
-16.99923864
-16.83956794
-18.82304084
-18.81256044
-18.79343445
-18.76587439
-19.03733037
-19.01894186
-18.99127716
-19.25472964
-19.22740655
-19.47584044
-17.85625322
-18.09166513
-18.33609263
-18.0545781
-18.30234104
-18.25708814
-17.22371924
-17.37307372
-17.50875801
-17.5343256
-17.68319561
-17.85960968
-16.80290876
-17.01356056
-17.0852048
-17.90653143
-18.1394648
-18.35743058
-18.13409512
-18.36886792
-18.36917742
-18.94160931
-19.18945243
-19.44609177
-19.71353926
-19.18994465
-19.4515896
-19.72104372
-19.44821351
-19.72250781
-19.71765881
-12.54748846
-11.43842316
-11.2640754
-14.67510414
-14.18917065
-14.19957596
-15.54582649
-15.64572422
-15.03829152
-16.80758873
-16.36748668
-16.31327329
-15.56126251
-15.34044262
-15.10110516
-12.33235681
-13.06502452
-13.3025905
-14.57219889
-12.96749108
-15.10345616
-12.86933404
-12.77039071
-12.46506337
-12.60897355
-13.1826961
-14.22800132
-16.42561607
-15.9589527
-16.32981842
-16.77615798
-16.80540878
-16.47830422
-17.66974494
-17.41259513
-17.16092979
-17.33203141
-17.09728304
-17.01128533
-14.06352736
-16.0397223
-15.62271657
-15.64255451
-15.26185029
-16.22704749
-15.98826174
-15.78303342
-13.19185501
-13.96567655
-14.37624081
-14.30394066
-15.12310797
-17.71303931
-17.98230285
-18.26734241
-17.99840188
-18.28260174
-18.28142161
-18.7891862
-18.79301322
-18.78382883
-18.76158203
-19.01571448
-19.00828506
-18.98684957
-19.24265561
-19.22278856
-19.47041654
-19.72460988
-19.46362985
-19.21597727
-18.98003565
-19.73539568
-19.4784898
-19.23188649
-19.7392221
-19.48418101
-19.73733448
-17.47924274
-17.51759531
-17.5438966
-17.7366308
-17.77722329
-18.00882509
-16.49552623
-16.86491923
-16.82594483
-17.39799277
-17.36286479
-17.30332588
-17.64173027
-17.58941836
-17.88899555
-16.29892256
-16.29166703
-16.61672632
-16.9083996
-16.53012303
-16.86395681
-19.03980252
-19.27228128
-19.50840805
-19.74930519
-19.26339778
-19.50669625
-19.75216997
-19.49636007
-19.74940703
-19.74056651
-17.47933644
-17.72729679
-17.96829557
-17.46569795
-17.68612123
-17.41705224
-18.77747587
-18.99877466
-19.23045112
-19.47352005
-18.79190829
-19.01216235
-19.24199052
-18.7929211
-19.01111026
-18.7804856
-19.73983195
-19.74254802
-19.73962426
-19.72972692
-19.49065594
-19.48600286
-19.47210997
-19.24238998
-19.2275434
-18.99464134
-19.73364405
-19.73694627
-19.73460291
-19.72492989
-19.47960852
-19.47543692
-19.46157335
-19.22662605
-19.21192177
-18.97455336
-18.76661221
-18.99498249
-19.2309031
-19.47440148
-18.80264859
-19.02195737
-19.24655464
-18.81087316
-19.01935578
-18.79233395
-17.5204165
-17.49757344
-17.46214365
-17.74547866
-17.71884779
-17.98115958
-18.30894864
-18.0481685
-17.78815572
-18.30449099
-18.02985888
-18.28404816
-16.88626149
-16.55260613
-16.92434748
-18.62152912
-18.87542204
-19.1389925
-19.41305643
-18.66488507
-18.91273661
-19.16849911
-18.69255275
-18.93289293
-18.7049127
-17.4967194
-17.78351979
-18.08087353
-17.80778497
-18.11773845
-18.13653117
-18.71462172
-19.01988349
-19.33318511
-19.65490402
-19.00949395
-19.33276852
-19.6615022
-19.32108418
-19.6610697
-19.65175933
-17.20359037
-17.5204089
-17.85623813
-17.54939385
-17.89186221
-17.91662032
-16.91059972
-16.83163941
-17.27130055
-18.46706364
-18.74292577
-19.03273167
-19.33825409
-18.50478548
-18.77861695
-19.06547189
-18.53303061
-18.80392041
-18.55195146
-8.939780462
-8.946452046
-19.2027437
-18.83838534
-18.49448088
-18.16852895
-18.85302833
-18.50692486
-18.17859344
-18.50796751
-18.17836844
-18.16762601
-19.59990868
-19.62038237
-19.63030369
-19.6324748
-19.21965006
-19.25116728
-19.2693574
-18.8615167
-18.89837194
-18.52275797
-16.12025423
-16.52031695
-16.92418234
-16.13245174
-16.50971796
-16.12073846
-16.50345616
-16.9172466
-17.36092713
-16.93779982
-17.38178938
-17.39047443
-18.23234342
-18.54650664
-18.86983139
-19.20332605
-18.21874437
-18.5232629
-18.83500745
-18.19401246
-18.48779907
-18.15872071
-10.96653054
-8.912973453
-10.53241167
-11.46816337
-10.58274236
-9.525786485
-9.382642472
-13.9397792
-15.34250964
-16.41446327
-16.09515518
-16.12738608
-14.12261194
-15.78438433
-15.43749777
-15.65341427
-16.55546698
-16.36761352
-16.20119864
-16.22581772
-15.81640879
-16.12978945
-12.64424599
-13.80630997
-13.21968719
-15.46526626
-12.48793241
-12.15407531
-11.87575782
-11.7213225
-11.90910878
-14.22321555
-13.06542225
-13.29575784
-9.432992276
-13.0321895
-11.27273869
-12.45872466
-10.94945214
-8.643885028
-12.18535677
-11.68581956
-15.2597785
-15.33767881
-14.73154017
-15.17349881
-15.20272457
-14.65437219
-17.67460044
-17.72047879
-17.74556611
-17.30258737
-17.34026228
-16.95328196
-17.48540143
-17.53032694
-17.55346579
-17.07758758
-17.11558268
-16.69602478
-18.25406138
-18.59684467
-18.93487647
-19.26630212
-18.28748414
-18.61022248
-18.9257842
-18.30191111
-18.60358538
-18.29791246
-18.34447395
-18.64398588
-18.9587842
-19.29036796
-18.39400003
-18.68982921
-18.99950543
-18.42515239
-18.71578245
-18.43841856
-18.82480179
-19.09794599
-19.38208161
-19.6793848
-19.09891553
-19.38835362
-19.68798771
-19.38499662
-19.68989369
-19.68462444
-18.27027857
-17.97357312
-17.68633622
-18.28070645
-17.96790854
-18.25859586
-12.79171976
-14.88342489
-14.42325055
-14.3560716
-13.49330583
-15.2060882
-14.74196474
-14.67009161
-17.02994789
-16.63370766
-16.55784812
-16.18729788
-15.83015565
-16.13574271
-13.88475222
-18.39319357
-18.77078167
-19.16110481
-19.56638133
-18.76363161
-19.16351657
-19.57467812
-19.15287618
-19.57419534
-19.56379471
-16.47033327
-16.89054946
-17.32691893
-16.91757435
-17.3693031
-17.39649275
-17.95767075
-17.98220055
-17.98824692
-17.97569285
-18.32301639
-18.34809808
-18.35284179
-18.70819453
-18.73290234
-19.11558819
-16.34872282
-16.75542301
-17.1814232
-16.77325916
-17.20925804
-17.22346771
-16.24553871
-16.68141056
-17.13668954
-16.67734002
-17.14581239
-17.13368999
-10.42725978
-10.96278105
-12.13837192
-12.64993195
-14.91638965
-15.28087869
-15.31720339
-13.50050802
-13.66827845
-13.32432096
-14.14406362
-14.66618876
-14.34126459
-12.7204584
-14.45153769
-14.78941878
-14.29954708
-16.7042842
-16.32070185
-15.95077402
-16.28851306
-15.93223942
-15.89154073
-13.73251599
-13.62131861
-13.37942857
-16.83290099
-16.4468739
-16.06997987
-16.41892315
-16.06190594
-16.02560315
-17.41744687
-17.41312666
-17.3962377
-16.94313859
-16.94334948
-16.49953144
-19.61501067
-19.24908154
-18.89646565
-18.55522451
-19.62047448
-19.25007773
-18.88977413
-19.6176136
-19.23912149
-19.60633821
-19.5807592
-19.59712366
-19.60388516
-19.60247569
-19.18984609
-19.2114275
-19.220695
-18.82252135
-18.84504506
-18.47536408
-18.03861602
-18.02570442
-18.00086198
-17.963964
-18.3862299
-18.3634113
-18.32722011
-18.74467893
-18.71018854
-19.11553344
-19.18243664
-18.8452323
-18.52267494
-18.21279465
-18.80282657
-18.48962585
-18.18723573
-18.44110362
-18.14801881
-18.0951572
-8.408848981
-10.73113271
-12.00122312
-10.78441158
-10.26462496
-14.95272398
-14.99220744
-14.42051481
-8.422969931
-10.14393937
-9.079379388
-18.31105807
-18.69733962
-19.10595077
-19.54004237
-18.72381541
-19.13045741
-19.5573898
-19.14050176
-19.56352772
-19.5607837
-15.79906322
-15.80042897
-15.77915327
-16.21379895
-16.19720131
-16.63945496
-14.32467713
-14.8593326
-14.88282845
-13.8670822
-13.86907745
-14.34229548
-17.98012982
-18.34985922
-18.72609827
-19.10941342
-17.99037549
-18.34493201
-18.70325861
-17.9815302
-18.31870644
-17.95344412
-12.68138203
-9.009021727
-10.28206126
-10.16320643
-10.09712466
-9.061023804
-8.138414721
-8.59626203
-12.09438123
-12.65388859
-13.8555641
-14.37937649
-13.88810375
-16.19544584
-16.65435235
-17.13124621
-16.63993495
-17.13227618
-17.11154107
-17.35538973
-17.31215
-17.25311849
-16.88348006
-16.82549699
-16.42151025
-15.91813051
-16.33144987
-16.77072803
-15.94088043
-16.35245426
-15.93890808
-19.59852769
-19.60504704
-19.60291353
-19.59210171
-19.21767067
-19.22029136
-19.21054799
-18.85129592
-18.84660898
-18.49724119
-19.55126048
-19.56297965
-19.56449188
-19.55705811
-19.12897461
-19.14182549
-19.1412724
-18.72934305
-18.73936032
-18.34932962
-13.87359108
-14.36995573
-13.8917113
-15.85093659
-15.84238715
-15.81035124
-16.24489606
-16.22026881
-16.65159482
-10.02686595
-18.43503892
-18.83186099
-19.22446499
-19.60948994
-18.79410837
-19.20599287
-19.60756182
-19.17353238
-19.59746739
-19.57627364
-17.97405559
-18.005369
-18.0177105
-18.01143009
-18.33585
-18.36321296
-18.36947242
-18.71579989
-18.73724771
-19.11602646
-19.55496106
-19.13363963
-18.72142847
-18.31734954
-19.56001389
-19.1287462
-18.70290042
-19.5561414
-19.10992241
-19.54157021
-14.94485985
-14.39450804
-14.96025303
-17.27436532
-17.29700896
-17.30662193
-16.80559369
-16.81106669
-16.3471353
-17.2430839
-17.2379299
-17.22014156
-16.76692181
-16.74986497
-16.31026494
-18.06375524
-18.40884795
-18.77265759
-19.15784267
-18.07683061
-18.42408391
-18.78980867
-18.07914323
-18.42737133
-18.07048368
-14.36458336
-13.86874056
-13.95031353
-14.82211456
-14.84591188
-14.29446722
-17.12459994
-16.64483319
-16.19433055
-17.15460346
-16.67093847
-17.16337038
-12.04134249
-14.0487628
-12.77683171
-12.19157634
-8.591725569
-16.95498884
-16.99592206
-17.02267974
-17.25445401
-17.29244935
-17.56956164
-17.78103315
-17.47789918
-17.1839837
-17.8162879
-17.50276856
-17.83999814
-15.79990407
-15.36113576
-15.91896885
-10.59285157
-19.16674811
-18.8191127
-18.4826225
-18.15611876
-18.78053055
-18.45564755
-18.1387537
-18.41587486
-18.10977061
-18.06972963
-18.14598552
-18.46954151
-18.80540333
-19.15552485
-18.1233652
-18.43864912
-18.7642929
-18.08676085
-18.39194479
-18.03625388
-9.853244189
-10.85132084
-10.85654626
-12.09452918
-11.91842151
-12.81261441
-12.83668986
-13.93833269
-14.44898632
-14.00047882
-18.39775394
-18.78502313
-19.17927219
-19.58083277
-18.76329821
-19.17084905
-19.58299189
-19.14959048
-19.57658967
-19.56017678
-16.14196561
-16.61602032
-16.09465122
-18.23526439
-18.287059
-18.31960615
-18.33344448
-18.55479909
-18.60288034
-18.63004854
-18.89047329
-18.93328466
-19.24389731
-16.48198229
-16.92894814
-17.39520784
-16.89224515
-17.37366623
-17.32945683
-16.5843705
-16.57730569
-17.04326289
-16.31858119
-16.41497652
-16.83356936
-15.221759
-14.67028611
-15.32731962
-17.43775429
-17.72117605
-18.02030672
-17.53229673
-17.82541669
-17.61595504
-16.29457612
-16.25972296
-15.86340368
-19.63216522
-19.28894737
-18.95454504
-18.62864477
-19.63909652
-19.28841956
-18.94349371
-19.63858572
-19.27597814
-19.62866554
-19.21957506
-18.8680065
-18.50998898
-18.14746012
-18.85713509
-18.52249843
-18.18069086
-18.51399176
-18.19408639
-18.18822508
-15.53579788
-15.51324746
-14.95365982
-15.84547857
-15.904951
-15.9474494
-16.28155125
-16.32692802
-16.7273176
-15.04953354
-14.52142829
-15.03456217
-16.8772434
-16.4518501
-16.031359
-16.40502684
-16.00560893
-15.96201782
-14.96523234
-14.48983627
-15.01383248
-12.66531188
-12.07193529
-10.59273405
-15.1581568
-15.32797402
-15.6668893
-14.61704028
-14.75131794
-15.13394405
-12.95606116
-13.53514646
-10.6835051
-10.89325678
-13.50846675
-14.3468323
-14.8576072
-14.26744171
-15.04484451
-14.97422433
-14.40601607
-14.03749882
-14.53960767
-13.98121647
-16.80757085
-17.21779842
-17.63178261
-17.1632532
-17.59739865
-17.54069481
-11.69896992
-13.07200168
-10.98060085
-12.51786711
-13.57720269
-14.98324858
-12.80131812
-11.21722546
-12.11404309
-13.7550656
-15.01890952
-14.50754029
-14.36076409
-11.64159851
-12.63275836
